9.917475595957665480e-01
1.128972854046132346e+00
1.278631118467767003e+00
1.457536600012738326e+00
1.682236440053133553e+00
1.946594786374105102e+00
2.201386911866421325e+00
2.365641983050526864e+00
2.376968997698440056e+00
2.240089795384899496e+00
2.023479342110170442e+00
1.807543456047511876e+00
1.636844240631445180e+00
1.512972098808565313e+00
1.416655859743331192e+00
1.329511746755940749e+00
1.242085842214093905e+00
1.152449106674119150e+00
1.062748283169772323e+00
9.768885445464705608e-01
8.993606492832980637e-01
8.345529600327743491e-01
7.861856023097949508e-01
7.567954858201585422e-01
7.473222429615810070e-01
7.568685416246359043e-01
7.826897290983605426e-01
8.204299550801483765e-01
8.645767412676321761e-01
9.090646579111101300e-01
9.479320009957428184e-01
9.759292011388037702e-01
9.889949205068875315e-01
9.845493741899168372e-01
9.615936434252037035e-01
9.206372966990868933e-01
8.634967197442670050e-01
7.930114033834260168e-01
7.127189975169410108e-01
6.265191881648169980e-01
5.383477707095508658e-01
4.518786889314114763e-01
3.702722276125764433e-01
2.959882652174115059e-01
2.306806560382074767e-01
1.067692216296462826e+00
1.208240823831801425e+00
1.363861130182791204e+00
1.556491587247036845e+00
1.807741979846660074e+00
2.111160384965651282e+00
2.406994997983055828e+00
2.596103964830859923e+00
2.601934130240473486e+00
2.430332558541803856e+00
2.165459348234575199e+00
1.906011557285423264e+00
1.706431919701710376e+00
1.568177363923740186e+00
1.466985724896056276e+00
1.379676074701913224e+00
1.294048334087091190e+00
1.207138914434480403e+00
1.120962598930449472e+00
1.039659963569020018e+00
9.680687006348585033e-01
9.109048862552882042e-01
8.721033920855499888e-01
8.542247216298937129e-01
8.579853588749175586e-01
8.819983526905559312e-01
9.227885382555895966e-01
9.751000046183603276e-01
1.032457190342930708e+00
1.087890053280079483e+00
1.134702223748828676e+00
1.167158098550886036e+00
1.180991003945403017e+00
1.173681039959930228e+00
1.144502937317528390e+00
1.094385605642688608e+00
1.025645812805626500e+00
9.416572223961428012e-01
8.464997403643915730e-01
7.446139507466522645e-01
6.404713321810967530e-01
5.382675203829556665e-01
4.416511496000724013e-01
3.535083382505878058e-01
2.758256890098558789e-01
1.137923219880167869e+00
1.276523315433075734e+00
1.428156018150165352e+00
1.615707973526562258e+00
1.861935219962651100e+00
2.161119988100116185e+00
2.453255515810264242e+00
2.638103909788922508e+00
2.638229722400048161e+00
2.459866870884091838e+00
2.188761831857898521e+00
1.925272896859097749e+00
1.724567724767976262e+00
1.587803300397187201e+00
1.489957596747821356e+00
1.407173521952054918e+00
1.326875249509200438e+00
1.246006997116168247e+00
1.166690350819216349e+00
1.093291481664178333e+00
1.030919019524839664e+00
9.845283933062887183e-01
9.581818442394707258e-01
9.543817380264582040e-01
9.735497048875686454e-01
1.013753418452193911e+00
1.070754826537784421e+00
1.138396752088111086e+00
1.209276511575007929e+00
1.275594085677095757e+00
1.330026410613600163e+00
1.366480037990050800e+00
1.380611782425830603e+00
1.370068766993018494e+00
1.334465115470149010e+00
1.275161766530037655e+00
1.194935572419262515e+00
1.097613410571194992e+00
9.877173726905791318e-01
8.701348016357538517e-01
7.498065646678185869e-01
6.314249168224538300e-01
5.191452460556557069e-01
4.163337030214001588e-01
3.253839050264012989e-01
1.201562232288864607e+00
1.333032877150067685e+00
1.470642581173419394e+00
1.633789418332452392e+00
1.842206565598406121e+00
2.091983468716501093e+00
2.333671419268739555e+00
2.483939368191016239e+00
2.478474986680921699e+00
2.323113548666841943e+00
2.090304887644833798e+00
1.864519269525557021e+00
1.691994663603670901e+00
1.573424040046885519e+00
1.487500673226617609e+00
1.414043816950292465e+00
1.342598447088912295e+00
1.270997725958892710e+00
1.201702084296436546e+00
1.139269430645318604e+00
1.088976172620905514e+00
1.055906446016859235e+00
1.044151188600490610e+00
1.056077730665416770e+00
1.091765705130105957e+00
1.148727080933096278e+00
1.221992804111719400e+00
1.304580932386198100e+00
1.388280514395523468e+00
1.464614289473919140e+00
1.525803691250194216e+00
1.565565498974510028e+00
1.579620059631397622e+00
1.565869937726400263e+00
1.524288694713337167e+00
1.456615926733419775e+00
1.365970935721260604e+00
1.256474224526942685e+00
1.132919335054800136e+00
1.000490660406921695e+00
8.644957773096878517e-01
7.300820440343785966e-01
6.019312785596482307e-01
4.839581010293617092e-01
3.790601065217617527e-01
1.257386006247835475e+00
1.378043044831789965e+00
1.495236750285620975e+00
1.622452418570785815e+00
1.774127128832727385e+00
1.948791376227650529e+00
2.113587289515924894e+00
2.212105752198554320e+00
2.200948386800039902e+00
2.085131030749507897e+00
1.915558729377160763e+00
1.751078405892772416e+00
1.623633042597671494e+00
1.533340677165896837e+00
1.465061433146899850e+00
1.404662616674103415e+00
1.345139919147713803e+00
1.285693065058918672e+00
1.229174073952002733e+00
1.180233008059781818e+00
1.144177911256912594e+00
1.126091714838462821e+00
1.129990556051808426e+00
1.158044080936214471e+00
1.209979631278057743e+00
1.282803098950285214e+00
1.370925966283816688e+00
1.466709979403052477e+00
1.561348502097596791e+00
1.645923302991358916e+00
1.712433601585491072e+00
1.754606762909265871e+00
1.768365263901933160e+00
1.751921525266507018e+00
1.705567879284836108e+00
1.631290998248709601e+00
1.532350024489981921e+00
1.412918108605494494e+00
1.277820090986326429e+00
1.132335694619694300e+00
9.820040731031649539e-01
8.323724429009146109e-01
6.886706357387600841e-01
5.554433411463812753e-01
4.362088099000952512e-01
1.303299744010335326e+00
1.411470051865728381e+00
1.506758385425402080e+00
1.597006756896566460e+00
1.691618618174906441e+00
1.791607430598192829e+00
1.880334447074840876e+00
1.927628249405906269e+00
1.910469330460457194e+00
1.833115159506531811e+00
1.725554209849335718e+00
1.621730700769985489e+00
1.539666598398631514e+00
1.478864628516967983e+00
1.430096314837805194e+00
1.385001964054554113e+00
1.339804086506635183e+00
1.294883330916688946e+00
1.253309126467945456e+00
1.219650553863177000e+00
1.199081390870282204e+00
1.196540274138435223e+00
1.215867467547204761e+00
1.258994577608563814e+00
1.325331640540469813e+00
1.411496105919309407e+00
1.511477740449540530e+00
1.617246165134385905e+00
1.719705235666830534e+00
1.809810911356986685e+00
1.879626730595944650e+00
1.923111580815740407e+00
1.936514919203294216e+00
1.918369234580981519e+00
1.869178593282331047e+00
1.790967308877644326e+00
1.686853173867307154e+00
1.560750542881181868e+00
1.417218778391049483e+00
1.261390771610511052e+00
1.098877339004521003e+00
9.355587728956877847e-01
7.772329567393275740e-01
6.291614578257013202e-01
4.956091135651812252e-01
1.336069794697236857e+00
1.431621772097540157e+00
1.506964753383190692e+00
1.566205874562339062e+00
1.615509051908097238e+00
1.658008628478381707e+00
1.688921561528587079e+00
1.696991785641153383e+00
1.673877896552801614e+00
1.623419612605831563e+00
1.560786728121425382e+00
1.502193778969763027e+00
1.455662606312623675e+00
1.420091640769112651e+00
1.390246359816771360e+00
1.361639323661300471e+00
1.332542892659852818e+00
1.303927292518954895e+00
1.278766838918556026e+00
1.261331868829867586e+00
1.256478992943707018e+00
1.268855171461033660e+00
1.302033355056940955e+00
1.357694248640284318e+00
1.435013175421353981e+00
1.530403378731483466e+00
1.637711131173738233e+00
1.748863659003121906e+00
1.854860973270772373e+00
1.946910569244356015e+00
2.017462893014092096e+00
2.060934939745829642e+00
2.074004526666277659e+00
2.055488238086181418e+00
2.005935662549477527e+00
1.927137623850468717e+00
1.821733847300383236e+00
1.693024286583002969e+00
1.544974488046393812e+00
1.382307403388595590e+00
1.210531593046002552e+00
1.035782886274033476e+00
8.644372787797218738e-01
7.025500743860718655e-01
5.552494285175848532e-01
1.351635071730599602e+00
1.435200461905073333e+00
1.493772574708852607e+00
1.529770574834993013e+00
1.548020471230892037e+00
1.553294439760974255e+00
1.547775651101291228e+00
1.530984966263578384e+00
1.502923364264191486e+00
1.467350983589423175e+00
1.431317970698149589e+00
1.401209451174370457e+00
1.379378347033140662e+00
1.364151744878034256e+00
1.352201814773885236e+00
1.340845048441976495e+00
1.329130987780091422e+00
1.317989297995003417e+00
1.309973727456050119e+00
1.308833415907107334e+00
1.318924265017597630e+00
1.344459910379348866e+00
1.388670576138804513e+00
1.453002449632257997e+00
1.536521829131495043e+00
1.635676695137976200e+00
1.744509239273837276e+00
1.855314232896878579e+00
1.959624177349942098e+00
2.049308834529160794e+00
2.117539416211383418e+00
2.159406441800630017e+00
2.172088429316076486e+00
2.154611511214150621e+00
2.107366217750866522e+00
2.031608895197361431e+00
1.929147647225940787e+00
1.802308240483730950e+00
1.654137864597335694e+00
1.488691141619058689e+00
1.311199219625568624e+00
1.127964316509445508e+00
9.459279007673704331e-01
7.719849654471814260e-01
6.122098663289843312e-01
1.345914148439648628e+00
1.418393288388966278e+00
1.463249041008350293e+00
1.482564987047808591e+00
1.481049907227440565e+00
1.464675319289264310e+00
1.439117249958755451e+00
1.408975648331717734e+00
1.378157205427894105e+00
1.350523307028953068e+00
1.329587302624066103e+00
1.317335673792492390e+00
1.313441943410783130e+00
1.315699939794638951e+00
1.321265460232902367e+00
1.327839739814352882e+00
1.334364025651542329e+00
1.341268433982741870e+00
1.350422793460687831e+00
1.364854513190957741e+00
1.388247309759865544e+00
1.424254127172426498e+00
1.475708386777155878e+00
1.543867156700099663e+00
1.627847493308308469e+00
1.724405781158249606e+00
1.828149978189083091e+00
1.932173934484761046e+00
2.028988068795965827e+00
2.111529751583540282e+00
2.174005754266220780e+00
2.212367168593011524e+00
2.224335518180805771e+00
2.209049466566477715e+00
2.166529177004418383e+00
2.097208905641388288e+00
2.001743778586412059e+00
1.881169547434468070e+00
1.737335099832563401e+00
1.573401483601414741e+00
1.394159372059350144e+00
1.205974811357796828e+00
1.016304912176806852e+00
8.328764204329981435e-01
6.627323555435935543e-01
1.315776587523432850e+00
1.378199989072004694e+00
1.412021596848380467e+00
1.419593978341632923e+00
1.406002175590239656e+00
1.378049379927342111e+00
1.343004844005269316e+00
1.307543264645105729e+00
1.277135692644356668e+00
1.255761947191453842e+00
1.245666107443930137e+00
1.247160479009263856e+00
1.258756568643348839e+00
1.277757397839619280e+00
1.301108578337596855e+00
1.326193256051792169e+00
1.351390970836908734e+00
1.376368823169075828e+00
1.402122773222229002e+00
1.430783747160219610e+00
1.465205055868719741e+00
1.508368508426857879e+00
1.562683074068669242e+00
1.629294646312353212e+00
1.707559620667042921e+00
1.794831035050696855e+00
1.886646935051165430e+00
1.977306195482026796e+00
2.060701201328595911e+00
2.131191543540734035e+00
2.184282058084968003e+00
2.216926690082097640e+00
2.227404802849941134e+00
2.214869109259259616e+00
2.178787753492043677e+00
2.118545293346510316e+00
2.033405195574536695e+00
1.922889032802042042e+00
1.787451218453900426e+00
1.629193766778430863e+00
1.452328282324332198e+00
1.263167406506088941e+00
1.069584582386619465e+00
8.800570254278441418e-01
7.025360583974933348e-01
1.259874808212165576e+00
1.313405877289919976e+00
1.338685569410035026e+00
1.338473909286033159e+00
1.318272595574031980e+00
1.285390207123965345e+00
1.247761998220409563e+00
1.212799103696798664e+00
1.186491090515349400e+00
1.172849865535882774e+00
1.173682257770844783e+00
1.188675180274746390e+00
1.215788056283156671e+00
1.251888552003813881e+00
1.293487638690482999e+00
1.337415199739193428e+00
1.381328041944239526e+00
1.424004190044940499e+00
1.465421009978715716e+00
1.506637939012678062e+00
1.549508085362727661e+00
1.596236435542495169e+00
1.648813936415979731e+00
1.708406650291278916e+00
1.774844379052598065e+00
1.846375726460119715e+00
1.919797579325121406e+00
1.990944765592043364e+00
2.055398623428766225e+00
2.109195578061498821e+00
2.149314415792892508e+00
2.173794002708152373e+00
2.181462648534041371e+00
2.171407726856027676e+00
2.142426429122071152e+00
2.092726094712536344e+00
2.020063868830317411e+00
1.922352118491569062e+00
1.798568193162781270e+00
1.649669480881071681e+00
1.479184425149298932e+00
1.293241475447718836e+00
1.099975923363281316e+00
9.084508371929702619e-01
7.273708260651166047e-01
1.179154195837410546e+00
1.225066614256439479e+00
1.244219662831287820e+00
1.239713339156864880e+00
1.217308722415202604e+00
1.184514666001525995e+00
1.149435870780281643e+00
1.119616548000909262e+00
1.101090253957266230e+00
1.097770712015501360e+00
1.111230834584348903e+00
1.140849306151898945e+00
1.184255652121429803e+00
1.237965600937337429e+00
1.298074315556951630e+00
1.360877387200286392e+00
1.423321665572086614e+00
1.483247647792019563e+00
1.539457729515221418e+00
1.591688320989906646e+00
1.640533219351290040e+00
1.687277074393035203e+00
1.733548761066609156e+00
1.780781300115271026e+00
1.829627363575715204e+00
1.879579432142298501e+00
1.928977927142904614e+00
1.975403874180726493e+00
2.016277523451834419e+00
2.049413096800355216e+00
2.073316509490049420e+00
2.087117440756307118e+00
2.090162117708951328e+00
2.081426656027999478e+00
2.059002901016748766e+00
2.019917813302243292e+00
1.960454329822238329e+00
1.876968504392128700e+00
1.767005591680518517e+00
1.630382304785654712e+00
1.469880976983135579e+00
1.291306502869365547e+00
1.102850666114479239e+00
9.139184419867042442e-01
7.337215945167345765e-01
1.076948891004031683e+00
1.116548323732741377e+00
1.131851044716653210e+00
1.126165979476923873e+00
1.105302790917407574e+00
1.076689576111760749e+00
1.048266049307482461e+00
1.027368350261282037e+00
1.019803879594049612e+00
1.029253485302765059e+00
1.057058143063886790e+00
1.102372427147651823e+00
1.162610481897697445e+00
1.234071581643911619e+00
1.312605820333374584e+00
1.394169078742818701e+00
1.475146245790210031e+00
1.552426455388766779e+00
1.623372321151041353e+00
1.685913530731712129e+00
1.738873674625298626e+00
1.782344812091793518e+00
1.817728521624705884e+00
1.847217505677553273e+00
1.872910514863841858e+00
1.896052047088522929e+00
1.916795706343960237e+00
1.934520774275168442e+00
1.948413463660586986e+00
1.957952052544316368e+00
1.963059630209737616e+00
1.963867483632528277e+00
1.960182841684891430e+00
1.950861898301450292e+00
1.933346417029499165e+00
1.903606727748162974e+00
1.856628999653965773e+00
1.787409193804427421e+00
1.692227788562270518e+00
1.569851682714542562e+00
1.422297955235739986e+00
1.254909290826216939e+00
1.075693153911957411e+00
8.940925933843124618e-01
7.195096905366347162e-01
9.586452121651405367e-01
9.931700523331766783e-01
1.006611975260268688e+00
1.002353596055630680e+00
9.860531253764318604e-01
9.648157437466370334e-01
9.461592035118507882e-01
9.369716494733142387e-01
9.426445400987071288e-01
9.665103249469140234e-01
1.009643758806040070e+00
1.071018525077799710e+00
1.147957173445888435e+00
1.236764248714431025e+00
1.333374570933670844e+00
1.433795475728101732e+00
1.534153467399834936e+00
1.630371576620268659e+00
1.717859092966223411e+00
1.791786624897271807e+00
1.848196827999866398e+00
1.885448546231964784e+00
1.904973009606011569e+00
1.910661167465923072e+00
1.907203553935297613e+00
1.898449730423428683e+00
1.886691282899275901e+00
1.872974183954148053e+00
1.857886486874752663e+00
1.842176259122578319e+00
1.826867312804073995e+00
1.812886514104599556e+00
1.800409386120154442e+00
1.788192691834823655e+00
1.773160223148533721e+00
1.750456441208727787e+00
1.714067840796959841e+00
1.657942445837559786e+00
1.577362041410530491e+00
1.470207115336691350e+00
1.337752760948547559e+00
1.184754128443684662e+00
1.018782792320206187e+00
8.489885804699636163e-01
6.846109597838035965e-01
8.309827566319613057e-01
8.615186021700299568e-01
8.746647787712950040e-01
8.737599433418211659e-01
8.641478363496799542e-01
8.524218377098502497e-01
8.454854949026512356e-01
8.496056374989588988e-01
8.696226233066747247e-01
9.084379473928034798e-01
9.668418404917094033e-01
1.043690178035572513e+00
1.136391632683656505e+00
1.241595693720529692e+00
1.355848188011297584e+00
1.475844207631870297e+00
1.597944975700051895e+00
1.717061390687466327e+00
1.825751916033834688e+00
1.914778954260818455e+00
1.975654632709561209e+00
2.004060105446829887e+00
2.001874962127763169e+00
1.976263676343800846e+00
1.936418180008499412e+00
1.890177117757030789e+00
1.842431798958558575e+00
1.795573834177217609e+00
1.750891896511984402e+00
1.709683244769745647e+00
1.673520294299887246e+00
1.643787514629853064e+00
1.620888972289019403e+00
1.603514974878417210e+00
1.588253278944293800e+00
1.569722726094278098e+00
1.541282665342939673e+00
1.496216857409436107e+00
1.429136127276588342e+00
1.337247344685285944e+00
1.221144259412132227e+00
1.084896190698335205e+00
9.354059361436000142e-01
7.812107859475834193e-01
6.310409972110155863e-01
7.011457237485371197e-01
7.285704088731157491e-01
7.424828307457588261e-01
7.460850583986153861e-01
7.442899238480333857e-01
7.430511425162945605e-01
7.485326766520417063e-01
7.662705268186990049e-01
8.004720093717784257e-01
8.535643542484361301e-01
9.260641701213481181e-01
1.016805210193521658e+00
1.123519238771446549e+00
1.243654836224812987e+00
1.375082143468727924e+00
1.516053452330448970e+00
1.663835629085792966e+00
1.812241375171960822e+00
1.949693154817208063e+00
2.060200293635288560e+00
2.128258075967033314e+00
2.145519922379979683e+00
2.114886382524981734e+00
2.048996531145522937e+00
1.964210396873667275e+00
1.874274708663399291e+00
1.787296536411318026e+00
1.706530842030020256e+00
1.632962225703155523e+00
1.567422906904782032e+00
1.511272141594551366e+00
1.465896665082376149e+00
1.431741905306679996e+00
1.407460017002053476e+00
1.389501141430940834e+00
1.372282081946550658e+00
1.348930030403049596e+00
1.312467628068397785e+00
1.257181058666113183e+00
1.179838357889831713e+00
1.080442058446579923e+00
9.623161937102033825e-01
8.315087274959745978e-01
6.956755730105633750e-01
5.627392918277840383e-01
5.758396324738869199e-01
6.008020837039563800e-01
6.160321235626012859e-01
6.245288667430242135e-01
6.307049510637772194e-01
6.398071981334223501e-01
6.571999294642042466e-01
6.876404123808902424e-01
7.346724649250416794e-01
8.002439594513683918e-01
8.846346740204165116e-01
9.867707880143123944e-01
1.104965287919895012e+00
1.237954894461993138e+00
1.385703976501757140e+00
1.548964066100322778e+00
1.726638266571162816e+00
1.911353696749930720e+00
2.086009957183571295e+00
2.225326185786617117e+00
2.304088168060885788e+00
2.308458301140347668e+00
2.242975403985438376e+00
2.128129153500868398e+00
1.990318327655235198e+00
1.851246535519301517e+00
1.722864462522259998e+00
1.608725561992453645e+00
1.508384485675588138e+00
1.421082814962071561e+00
1.347126442948843872e+00
1.287404298541316328e+00
1.242194171958844962e+00
1.210126090374928243e+00
1.187697361720368106e+00
1.169425400733930864e+00
1.148572048417312974e+00
1.118272161179202806e+00
1.072811440620870416e+00
1.008749185638297297e+00
9.256066372678023457e-01
8.259490862828759994e-01
7.148514288744193257e-01
5.988996586293259261e-01
4.849911286482260220e-01
4.605359888951203740e-01
4.834649545846990137e-01
5.001083152773774243e-01
5.132199608551936132e-01
5.266849512115413523e-01
5.450293161077864879e-01
5.728148772576523440e-01
6.140260621608090164e-01
6.715572223605844604e-01
7.469023978873993164e-01
8.401530813171300682e-01
9.504260296050649481e-01
1.076811280893034795e+00
1.219690184418143142e+00
1.381675733153266528e+00
1.566699840119020859e+00
1.775851099352018236e+00
2.000576989511843706e+00
2.217387675820775339e+00
2.390067893156765599e+00
2.481936510430201359e+00
2.472721318141543279e+00
2.369036004304530429e+00
2.200812659969344942e+00
2.006377458787739432e+00
1.816687423013409131e+00
1.647842832741696073e+00
1.503176895702569960e+00
1.379912749546624129e+00
1.274811915057744827e+00
1.186455687588125363e+00
1.114827776305188589e+00
1.059864244461162563e+00
1.020184463064536029e+00
9.924845488233230428e-01
9.716307006141399194e-01
9.513190707092242793e-01
9.251024207481584050e-01
8.875364001406808034e-01
8.351752202330559038e-01
7.671782300777489905e-01
6.853852786365902672e-01
5.938575851650752524e-01
4.980186840067845067e-01
4.036223013471527121e-01
3.590082653287539061e-01
3.801435305715435975e-01
3.979391693334180524e-01
4.148816031813862271e-01
4.343341134928649372e-01
4.601296199028229172e-01
4.960689030337593897e-01
5.454109112858118724e-01
6.104479693757604020e-01
6.922649245189617107e-01
7.908064343395995177e-01
9.054183288061434798e-01
1.036001665382779713e+00
1.184608140296024459e+00
1.356516881993698131e+00
1.558867081831667001e+00
1.795017480367146145e+00
2.055449742453444806e+00
2.310677400602048515e+00
2.514086903555983188e+00
2.618062201894836960e+00
2.596224376326754957e+00
2.457252768186215519e+00
2.240194374444191450e+00
1.994803397786687249e+00
1.760785337099609382e+00
1.557971080441009626e+00
1.389142835105117824e+00
1.248912284607876622e+00
1.131307920462533811e+00
1.032968439351314771e+00
9.528161316147756299e-01
8.903753974580326247e-01
8.442801902404057923e-01
8.115369210521912180e-01
7.875360275498767271e-01
7.666185387358195324e-01
7.429717463508975772e-01
7.116195043909890883e-01
6.692738666896341782e-01
6.148513121084998589e-01
5.495404624148865214e-01
4.764232716776790610e-01
3.997640438813296337e-01
3.241548873758746119e-01
2.732002437060646050e-01
2.926376534394874995e-01
3.110886418922591545e-01
3.307651948744880221e-01
3.545378155512465823e-01
3.856021525412300921e-01
4.270689845974647292e-01
4.815464934679877240e-01
5.507934732183812354e-01
6.355382206543366275e-01
7.355992725648270447e-01
8.505045793296648338e-01
9.807824704575771602e-01
1.129740338556079360e+00
1.304626830250718461e+00
1.514943735123548629e+00
1.765781750694152885e+00
2.047136343639850420e+00
2.325574656682114050e+00
2.547498484758121240e+00
2.657912467340262985e+00
2.626337198194510947e+00
2.462916691750156151e+00
2.212947914824013207e+00
1.933962540326173762e+00
1.671542108283012418e+00
1.447892453632128262e+00
1.265188420348445142e+00
1.115997410591845318e+00
9.922242892802042302e-01
8.889614064982567232e-01
8.042556626421414334e-01
7.372955967324665849e-01
6.867828322380278294e-01
6.501067841080021559e-01
6.232815478135573795e-01
6.014101028391749537e-01
5.794374324271661658e-01
5.529769142116494063e-01
5.190145240572112684e-01
4.763340704208794407e-01
4.255769595362238755e-01
3.689420018904405740e-01
3.096189996177272086e-01
2.511073018209796781e-01
2.033891530268259751e-01
2.211309223728903095e-01
2.396264087972055923e-01
2.608169842911244318e-01
2.871231597887097253e-01
3.211746208733778918e-01
3.654787925995052200e-01
4.220818394590044043e-01
4.922876125344879394e-01
5.765216274572573241e-01
6.744764702114551813e-01
7.857436036102222188e-01
9.111170185630652618e-01
1.054387542423460999e+00
1.223497457928946153e+00
1.428758370208405459e+00
1.675943837864655173e+00
1.955243279405245893e+00
2.232644468130740911e+00
2.453274619986828942e+00
2.560729742151911292e+00
2.523773810104987358e+00
2.352933823445608752e+00
2.094854952401924653e+00
1.808673632333602121e+00
1.541089973643779309e+00
1.314599705665096430e+00
1.130961309824734640e+00
9.819733855309895620e-01
8.587448660936420897e-01
7.557320573598989011e-01
6.705814250869035487e-01
6.023454757181176955e-01
5.498695627769930594e-01
5.109634300688281616e-01
4.822959284618821840e-01
4.597653598483397719e-01
4.391136538941655121e-01
4.165946864549327500e-01
3.895385730868654028e-01
3.566914568515318074e-01
3.182673492278348948e-01
2.757195657999165772e-01
2.313060137653360770e-01
1.875653100354568725e-01