11.187857
11.167878
11.203457
11.325310
11.169032
11.307495
10.981674
11.317252
11.272557
11.298009
11.297246
11.440063
11.303839
11.176433
11.087306
11.232277
11.328996
11.263330
11.245466
11.270739
11.340681
11.362111
11.337116
11.193738
11.264331
11.186458
11.386674
11.149716
11.273361
11.166802
11.326614
11.204554
11.272279
11.364940
11.275090
11.326868
11.291788
11.276530
11.137524
11.333893
11.321742
11.314232
11.250555
11.263255
11.223461
11.464165
11.197157
11.189686
11.259432
11.302936
11.131021
11.351027
11.265531
11.445396
11.242842
11.359610
11.173402
11.293287
11.409347
11.033425
11.306504
11.209877
11.444037
11.450754
11.281149
11.349995
11.180028
11.273439
11.277814
11.349128
11.344015
11.283030
11.299637
11.331398
11.391961
11.313984
11.195833
11.321477
11.160228
11.391167
11.263132
11.163816
11.315863
11.352150
11.145796
11.080111
11.274283
11.334092
11.346389
11.188306
11.189873
11.319785
11.379830
11.290297
11.249324
11.323199
11.196909
11.106080
11.204236
11.174282
11.348514
11.239046
11.414879
11.248253
11.209215
11.283882
11.187613
11.391891
11.139289
11.170092
11.191565
11.208479
11.289972
11.272588
11.323354
11.297480
11.228512
11.202029
11.214561
11.211755
11.162449
11.578577
11.236378
11.357806
11.183975
11.358809
11.283021
11.133162
11.102662
11.192218
11.311550
11.210914
11.334495
11.296314
11.177116
11.233708
11.166624
11.312332
11.385857
11.157688
11.228673
11.155138
11.128526
11.120020
11.255419
11.250508
11.313220
11.213741
11.114871
11.349266
11.188021
11.435799
11.282674
11.030152
11.326436
11.275545
11.121419
11.019806
11.337986
11.357962
11.168920
11.349916
11.133684
11.465392
11.154539
11.351141
11.229002
11.271058
11.294960
11.198330
11.212001
11.223074
11.318298
11.322840
11.354991
11.310850
11.313996
11.320884
11.241675
11.204618
11.339029
11.278588
11.321608
11.176962
11.358817
11.107285
11.284563
11.359638
11.219904
11.057352
11.217772
11.159299
11.314064
11.193511
11.344480
11.381530
11.196843
10.971488
11.029776
11.224910
11.297825
11.259389
11.393990
11.327628
11.337964
11.315687
11.344615
11.227528
11.335597
11.290765
11.166245
11.132759
11.089976
11.173407
11.180970
11.208902
11.110849
11.231627
11.153058
11.253747
11.346940
11.157333
11.169748
11.343499
11.196837
11.288853
11.282327
11.133820
11.376937
11.458740
11.355179
11.216774
11.240593
11.186221
11.338031
11.193593
11.200229
11.214957
11.253212
11.373201
11.330990
11.188621
11.073319
11.210736
11.209964
11.173713
11.217192
11.160546
11.170500
11.175917
11.317412
11.269772
11.437598
11.106461
11.231955
11.217639
11.141032
11.249936
11.484382
11.275771
11.413654
11.156351
11.348736
11.118561
11.286272
11.084150
11.331700
11.303012
11.239065
11.357845
11.078439
11.235421
11.249203
11.184374
11.038902
11.267813
11.330676
11.150770
11.185786
11.348600
11.301896
11.299672
11.223018
11.243287
11.236614
11.258707
11.080415
11.223833
11.286933
11.305470
11.442782
11.115079
11.160768
11.188352
11.123733
11.082562
11.238134
11.233782
11.409395
11.357977
11.187352
11.249531
11.177500
11.308912
11.191139
11.363104
11.267919
11.319511
11.192645
11.410756
11.333456
11.226968
11.276713
11.255746
11.221262
11.189329
11.248255
11.258345
11.208050
11.334530
11.535512
11.275397
11.222399
11.089162
11.215876
11.289867
11.128770
11.160529
11.035013
11.280112
11.345646
11.306185
11.253129
11.292431
11.106574
11.490021
11.314127
11.393616
11.268558
11.190384
11.294163
11.356537
11.241476
11.173301
11.343484
11.281309
11.288812
11.199790
11.282216
11.359606
11.029807
11.244063
11.290070
11.287825
11.284394
11.268120
11.231717
11.295850
11.172648
11.344964
11.247709
11.365213
11.430510
11.297718
11.320610
11.204114
11.416661
11.199516
11.123482
11.204237
11.128160
11.281654
11.037999
11.256061
11.420567
11.148840
11.296738
11.263305
11.311618
11.185662
11.184344
11.216658
11.214254
11.147796
11.249975
11.049058
11.287525
11.263645
11.181890
11.186173
11.224330
11.244593
11.188339
11.371294
11.154027
11.279466
11.267146
11.357693
11.291872
11.226312
11.548939
11.249968
11.328693
11.025245
11.192474
11.127789
11.303616
11.323504
11.435125
11.342833
11.233190
11.141397
11.158616
11.367943
11.175562
11.226309
11.315220
11.450522
11.272137
11.236523
11.198312
11.143127
11.335939
11.306520
11.318683
11.232362
11.253917
11.271299
11.272690
11.329005
11.203704
11.192363
11.216568
11.028769
11.351955
11.220555
11.321123
11.246084
11.265302
11.107223
11.313205
11.060528
11.222343
11.187348
11.265951
11.189933
11.200090
11.242036
11.178571
11.321346
11.505142
11.217671
11.104982
11.240916
11.195544
11.148657
11.254328
11.084041
11.130013
11.128411
11.340372
11.249814
11.250776
11.438398
11.246773
11.162734
11.165925
11.060362
11.259303
11.184646
11.362208
11.098735
11.377909
11.297685
11.362179
11.259098
11.207628
11.119867
11.384435
11.218713
11.246819
11.244511
11.108649
11.418164
11.249868
11.372805
11.179658
11.450769
11.316260
11.262505
11.092602
11.228563
11.329757
11.235278
11.326513
11.349742
11.249434
11.390033
11.197678
11.097282
11.097730
11.398185
11.434504
11.196164
11.347526
11.163688
11.171314
11.026982
11.155858
11.357505
11.034214
11.253047
11.162139
11.196564
11.199889
11.218530
11.389699
11.284904
11.255444
11.241596
11.090401
11.442591
11.325646
11.272318
11.133969
11.117567
11.336837
11.335070
11.318477
11.412887
11.383510
11.183437
11.197641
11.158863
11.369759
11.209765
11.414072
11.304588
11.088149
11.183279
11.306453
11.267411
11.370719
11.244725
11.343087
11.221955
11.327367
11.175277
11.238241
11.084786
11.190854
11.269756
11.145176
11.145006
11.253220
11.398159
11.327265
11.122252
11.459932
11.245639
11.170898
11.300203
11.197075
11.186341
11.220401
11.420902
11.280145
11.413148
11.226479
11.302671
11.323350
10.921049
11.176958
11.207422
11.241856
11.121257
11.250915
11.267183
11.282041
11.306216
11.394564
11.311767
11.141724
11.376165
11.331577
11.237968
11.204929
11.195846
11.330690
11.414374
11.214176
11.078485
11.171379
11.450462
11.306976
11.224452
11.351099
11.490295
11.234956
11.283486
11.180678
11.050209
11.328676
11.228939
11.432125
11.169296
11.311518
11.281756
11.383654
11.259409
11.384786
11.341963
11.350919
11.258237
11.311012
11.259635
11.204801
11.250757
11.176914
11.249672
11.300718
11.271754
11.276110
11.293829
11.303249
11.195687
11.297233
11.271837
11.318659
11.447883
11.217478
11.069728
11.441653
11.259667
11.247801
11.287193
11.128139
11.396785
11.386921
11.103337
11.236164
11.309107
11.247884
11.221844
11.223816
11.262621
11.224148
11.172586
11.282438
11.271893
11.272107
11.487202
11.382360
11.106850
11.233057
11.194697
11.453017
11.139729
11.342031
11.422094
11.161161
11.327296
11.326081
11.316279
11.016855
11.238896
11.277120
11.255549
11.252868
11.275000
11.404324
11.408998
11.265795
11.269209
11.302309
11.120798
11.212402
11.427216
11.160466
11.221297
11.315563
11.275447
11.404694
11.378145
11.157532
11.348954
11.310872
11.193172
11.194360
11.333084
11.324878
11.353216
11.406184
11.341009
11.346306
11.144179
11.338339
11.102822
11.459712
11.082281
11.384399
11.335650
11.252719
11.283996
11.323482
11.142880
11.245213
11.334490
11.189646
11.153910
11.373522
11.220282
11.246843
11.443333
11.159687
11.089986
11.237336
11.343924
11.072475
11.144487
11.299622
11.494967
11.192684
11.103365
11.413526
11.208896
11.212420
11.358499
11.169773
11.359309
11.309401
11.317517
11.265966
11.178376
11.400528
11.201943
11.074898
11.164379
11.161777
11.138397
11.314188
11.336447
11.301407
11.158524
11.285128
11.267308
11.381731
11.330086
11.244645
11.448805
11.235631
11.389730
11.156633
11.354645
11.242668
11.040664
11.177956
11.212741
11.117772
11.304637
11.364374
11.185582
11.344701
11.244075
11.276343
11.299317
11.295474
11.177884
11.311374
11.121600
11.247932
11.107761
11.191865
11.220317
11.278183
11.253410
11.322044
11.258126
11.291020
11.210234
11.294779
11.210561
11.198433
11.282082
11.246172
11.129135
11.363103
11.209694
11.394482
11.346387
11.304658
11.258485
11.173880
11.254040
11.222097
11.149340
11.281102
11.276422
11.339842
11.521108
11.113398
11.237426
11.226932
11.277550
11.410355
11.284933
11.330836
11.236391
11.460017
11.167366
11.247795
11.274781
11.330334
11.184984
11.014683
11.424561
11.357432
11.213209
11.187446
11.155649
11.215498
11.263157
11.219305
11.207186
11.024409
11.195797
11.213546
11.386744
11.370653
11.242805
11.233524
11.333453
11.419237
11.189434
11.387537
11.149641
11.268423
11.234514
11.097964
11.151325
11.272963
11.319169
11.087870
11.366344
11.249218
11.324430
11.169005
11.283598
11.324265
11.517437
11.410721
11.035721
11.354973
11.255480
11.273438
11.102449
11.298083
11.345357
11.421351
11.380030
11.252903
11.224815
11.114748
11.275570
11.310008
11.114606
11.394069
11.274478
11.301211
11.193679
11.297210
11.136586
11.351883
11.133103
11.241565
11.242763
11.258543
11.199010
11.216689
11.154840
11.285477
11.201134
11.268390
11.242105
11.286429
11.253297
11.081991
11.108220
11.391546
11.188607
10.999713
11.113381
11.227881
11.147833
11.184868
11.079767
11.253292
11.295288
11.129996
11.270839
11.267726
11.268101
11.304117
11.475250
11.383945
11.108806
11.400613
11.234429
11.133282
11.451868
11.418178
11.231158
11.168770
11.162887
11.173653
11.302853
11.138839
11.264222
11.146409
11.393439
11.217926
11.233142
11.315263
11.093428
11.138752
11.198658
11.307762
11.414723
11.322597
11.222045
11.192267
11.433960
11.280982
11.178364
11.357062
11.389727
11.223572
11.248140
11.099707
11.376283
11.307829
11.306643
11.193776
11.020000
11.260846
11.237914
11.279097
11.146821
11.269639
11.156043
11.445133
11.329678
11.294425
11.162458
11.263658
11.310654
11.253489
11.291308
11.163972
11.208587
11.261126
11.155197
11.277352
11.280007
11.288355
11.193772
11.074408
11.325017
11.333211
11.257994
11.219817
11.236771
11.293913
11.378093
11.331286
11.228349
11.134804
11.242710
11.237096
11.129804
11.389308
11.332048
11.278624
11.326762
11.281022
11.209404
11.215610
11.402045
11.314001
11.266477
11.293760
11.222517
11.301867
11.268058
11.280781
11.250417
11.180569
11.222159
11.369037
11.323751
11.352883
11.452717
11.245209
11.415073
11.147500
11.296835
11.188424
11.259302
11.257637
11.251897
11.234846
11.193976
11.254679
11.382731
11.234572
11.362358
11.058583
11.374967
11.382636
11.362155
11.157953
11.157755
11.280397
11.231531
11.139698
11.221052
11.097958
11.285119
11.194400
11.355964
11.088908
11.201381
11.235693
11.177681
11.371253
11.238561
11.089934
11.330236
11.210319
11.104830
11.337583
11.075136
11.351118
11.223706
11.118434
11.326824
11.241951
11.386870
11.393433
11.139696
11.160091
11.184509
11.339236
11.321972
11.238975
11.158709
11.291493
11.317306
11.243058
11.346605
11.331060
11.233675
11.274796
11.215255
11.337000
11.093634
11.139684
11.207556
11.250352
11.217457
11.299453
11.358533
11.214759
11.190542
11.288829
11.275958
11.192717
11.223915
11.174062
11.147938
11.121058
11.241564
11.275299
11.312655
11.294138
11.325881
11.292477
11.099396
11.345787
11.171147
11.200479
11.287245
