4.017459
5.919215
4.353392
3.928743
3.772493
3.475816
6.255642
4.832290
5.040500
4.876168
6.470445
5.646702
3.676792
4.943087
6.561214
6.616032
4.163102
4.141769
5.139816
5.309136
6.427974
4.250898
5.675890
5.077295
4.152022
4.072991
5.192284
5.740130
6.178578
5.720466
6.068715
4.345523
4.571098
3.076277
3.520387
6.874323
4.652946
4.266697
3.093149
4.125598
4.290492
5.767279
6.479437
3.409712
3.553728
4.505805
3.521687
6.142838
3.700322
3.094513
3.587333
3.916017
3.524744
4.302378
3.267442
4.057489
4.292272
3.062940
5.097737
3.701385
4.753957
4.810512
3.584359
3.683738
5.056474
6.897781
4.137448
3.906826
5.730847
7.273883
8.880643
6.313795
5.687842
7.913360
6.934598
6.685971
3.947912
6.434993
6.547506
3.207072
3.377510
5.724833
4.542450
4.119421
4.889685
3.223770
4.756986
5.325778
6.855196
6.720657
6.148325
5.110245
4.835718
5.124399
4.011855
5.270692
3.975031
4.478656
6.143396
6.678288
4.831005
5.197101
3.651995
6.089330
3.748748
5.790353
3.174059
6.060396
9.391394
6.994142
9.518537
10.361597
8.423768
8.246646
9.813343
8.213043
7.113387
7.600409
6.229088
4.967955
6.481002
4.744043
3.269018
4.967733
3.776012
6.961928
6.788994
3.984752
4.639874
4.902312
3.799988
3.019159
6.878439
4.390867
3.897126
5.488480
6.399613
3.916919
6.922973
4.048393
6.931565
6.129437
6.824443
6.465600
5.585560
3.676412
6.403008
7.026448
10.116435
11.635415
9.677417
13.372900
11.046710
12.550613
10.572075
10.225143
10.434078
9.521962
9.016575
8.009944
6.801082
5.316135
3.815313
4.348011
5.440314
5.017958
6.817719
4.213517
5.132644
3.050287
5.748414
3.260546
3.711460
4.279852
3.229532
3.848791
5.570035
6.467062
6.911983
6.448247
3.776157
6.362772
4.472024
4.555268
6.716747
5.445111
6.296449
7.466442
9.696057
11.253768
10.303243
11.743447
14.615065
13.778266
15.733948
15.575625
12.923062
13.422211
10.214884
8.817352
8.385421
5.184842
6.040129
4.134484
6.580297
4.534609
6.049312
3.818385
5.754965
3.465619
3.052244
3.048477
5.851774
6.281287
4.796555
5.862017
4.413115
6.470363
5.903555
4.385795
6.148774
4.130200
4.465900
4.956888
5.880827
4.525733
4.416852
7.953693
9.696255
11.902453
12.128488
14.850783
17.226998
17.844746
18.659297
16.287894
17.447971
17.644966
14.027218
15.031689
14.112164
11.662596
6.550631
5.287937
6.972662
5.726541
3.965671
6.713298
3.083823
6.833236
5.142376
5.338657
3.043140
4.636212
3.815020
4.198557
3.590108
6.969822
5.321589
5.540399
5.571104
4.377656
4.721653
3.063679
6.742691
4.996841
6.502726
6.910458
6.348927
10.172001
11.912649
13.628872
14.392508
19.050791
20.730990
20.259804
19.423896
19.458662
16.851991
15.508471
14.096895
14.895144
10.301644
8.943014
7.928742
4.604769
6.599745
6.850934
6.247583
5.093261
6.610762
3.176212
6.041237
5.157671
4.560206
3.704780
5.980414
4.597170
6.256573
5.142349
5.694435
4.018333
3.136541
4.164965
4.784953
5.998859
6.830888
4.224035
4.315985
7.870323
10.064516
15.144379
15.571392
18.389630
21.147195
21.788719
21.276031
21.666243
22.292445
20.001530
19.730399
19.322765
14.476783
14.788509
9.354309
8.810602
6.783674
6.563136
5.033071
5.452783
6.664762
6.219697
3.224881
3.340900
3.481938
3.268483
6.453515
5.832078
6.283317
4.064907
5.911100
3.319166
5.050508
6.274710
3.660310
3.811977
3.154294
5.532793
4.097078
5.122945
9.352800
10.819403
12.462884
15.754867
16.943683
21.320784
23.152340
24.801152
26.994687
23.557588
21.225162
20.136983
20.514248
15.135225
15.359347
11.417908
11.165354
7.458277
4.177794
6.518839
4.722679
3.877266
4.481960
5.440467
6.247876
4.244135
6.600797
4.727305
4.888693
3.804582
5.872900
5.058099
6.628320
4.037310
6.112780
3.908350
6.669691
5.365361
5.963883
6.169777
5.706828
10.807753
10.710568
12.833378
15.704312
21.382907
21.731275
25.591397
24.725203
26.681411
26.292519
25.026023
23.027408
20.689770
18.987324
14.141938
10.643398
11.264160
8.764263
4.864358
6.577544
3.072064
5.207895
5.394428
6.609655
4.570042
5.257355
5.708167
6.245813
6.356331
5.861691
4.972031
3.430865
3.099950
5.522726
5.299718
6.441671
6.627313
6.425993
3.787474
5.941381
6.840644
9.261929
12.241992
13.817654
17.276149
18.937850
23.073896
23.106635
28.174629
31.728019
28.237901
23.466797
23.088991
19.269476
17.543923
14.723189
10.618921
10.274094
6.280890
6.739632
3.887874
4.494264
3.619267
4.228772
6.909222
6.982980
6.905742
4.739672
4.283411
5.126140
6.333309
5.591681
6.668753
5.844471
6.143435
5.120523
3.333816
4.476881
3.411540
4.953788
3.497900
6.662234
10.468377
12.749220
13.955137
16.512552
19.740656
22.771796
26.107518
27.296792
27.204468
26.635894
25.200443
22.076898
18.256377
15.851997
14.397976
13.891670
10.242263
6.415901
6.914850
3.541084
6.947000
6.944745
3.741176
6.589047
5.913130
5.241486
6.261913
4.470595
4.336661
4.289083
5.310231
6.935667
3.104554
6.531603
6.807301
4.249093
6.870085
3.710965
6.426672
6.687542
8.832426
10.675693
13.281212
15.939195
15.291384
17.073484
22.433138
23.235685
24.920933
26.954144
22.656754
20.979801
21.579970
20.564073
16.379446
14.565224
11.756064
11.023200
5.679522
4.618665
3.311718
5.762188
3.230143
4.155385
5.440577
4.733399
6.061919
5.767850
5.556317
4.422128
3.936325
3.039696
4.395470
6.956165
6.077211
3.971230
4.531814
3.819632
5.234371
4.067963
6.209928
7.697925
9.798709
12.109416
14.136136
14.865397
19.136097
19.425749
22.601462
22.513907
22.988989
23.826788
19.736500
20.108813
18.233580
13.617230
15.052264
11.382195
8.093958
5.551280
4.856599
4.933979
3.584025
5.414175
3.904627
3.631998
4.477294
3.292562
3.982299
4.321679
5.238466
3.762532
6.570385
3.254838
3.676862
6.729952
3.023811
6.015136
6.941680
4.141439
6.336025
6.170009
5.976634
7.853248
9.369291
11.302476
13.514666
16.521966
17.894507
17.725372
20.165116
19.372236
18.906363
19.448096
18.846719
14.406179
12.263436
13.363718
8.942739
7.531135
6.531093
3.619658
6.259675
4.047459
6.999243
6.428559
3.694447
3.375212
4.203111
4.261979
4.664445
3.633556
6.205029
4.784884
4.783244
4.774399
5.294982
6.472966
6.307667
5.712834
5.719772
4.565801
5.330959
6.684869
4.481998
7.569011
10.841312
12.166388
15.860047
16.839064
18.105020
18.732594
19.079331
18.214416
17.425214
17.096312
15.014035
12.307672
12.191244
7.170224
6.888553
4.984407
5.749945
6.558770
6.146702
3.103158
6.060466
5.310768
5.240651
3.762041
3.902568
6.906136
6.610559
5.569464
3.612360
3.505264
5.969784
5.696111
4.584139
4.138321
5.252054
6.815253
6.404970
5.125056
5.655447
4.797674
5.288446
8.530772
12.166044
12.328810
13.194227
15.458049
15.884885
14.688293
13.133860
15.255335
11.383956
11.442359
11.360234
7.049966
7.357311
4.890252
6.713065
3.627655
3.264253
3.401829
4.830302
6.109470
4.656739
3.863743
4.747307
6.255899
5.672236
3.146543
5.994988
3.145544
5.168899
6.063922
5.295474
3.921625
3.362787
3.191877
5.983995
6.637696
5.265259
5.246840
5.171982
6.434347
7.285471
9.115407
10.531818
12.256077
10.631096
10.639188
13.124317
12.002924
11.646358
11.270048
10.225100
9.725249
6.589190
7.080692
3.617996
5.196791
4.772542
6.590408
5.789058
5.314175
4.834205
6.185917
3.376670
3.813684
3.996129
3.717227
6.760791
4.911502
4.709575
3.630148
5.929804
4.904998
4.648394
3.679186
3.600710
3.593876
6.938498
4.387868
6.707246
5.541579
3.737133
3.968659
7.077743
7.861143
7.903585
8.771790
8.053444
11.758693
9.022791
7.419317
9.611317
6.832153
7.226749
4.966515
6.013902
6.130252
6.472870
3.417469
3.881482
3.427210
5.813297
4.579673
3.597832
5.872581
5.300175
5.726189
3.498851
3.659411
3.823393
5.695713
5.757530
4.436954
5.917379
5.887824
4.150564
5.057456
4.820843
4.893870
6.859039
6.378917
4.597870
6.687211
4.985906
5.029081
5.576538
5.764943
6.732973
6.189757
5.540353
7.182376
5.331999
5.755750
6.550951
6.654854
3.756696
6.486569
5.139999
6.928836
6.568420
5.235521
4.515305
5.996673
3.079463
5.449283
5.115432
4.483385
4.456109
6.505848
6.272200
4.528221
5.553055
4.532144
4.506457
3.078095
4.241522
4.827344
6.903495
5.585847
6.708237
6.114586
4.536457
5.199431
5.689338
5.806900
5.864750
3.971036
4.930828
3.158289
5.797581
5.413464
4.755572
3.338454
6.805215
6.188025
3.344807
6.894013
5.703412
3.224325
5.677038
5.204183
5.199145
4.007874
6.658941
6.807523
6.369745
3.979631
5.897031
5.005831
6.525727
6.574335
8.675779
7.199722
5.116289
7.192153
3.708871
3.052459
4.318589
5.959056
6.080477
3.074244
5.184419
3.632984
6.703217
4.767566
3.494129
6.813916
3.792870
3.720473
3.631433
4.258768
4.428392
4.622561
5.895625
5.768022
5.919626
5.444180
6.987903
4.821339
6.861766
3.664172
4.200765
5.872842
6.857420
6.986870
3.358031
3.001936
8.190794
6.862345
7.398522
8.460096
9.158183
9.046717
8.116576
9.954904
10.448876
9.557302
8.335878
5.986738
4.249713
5.313949
3.522023
6.468919
3.491349
3.092595
5.041168
4.801713
6.005074
4.293814
4.819430
3.737322
4.561028
5.414830
5.237158
6.049568
5.384486
3.194345
6.857597
3.496721
3.970543
5.085398
3.154448
5.411810
4.769545
3.378647
3.442054
3.562166
8.027460
8.515740
9.579093
12.311300
11.268093
13.187400
13.610465
12.366789
11.359328
9.944922
10.418886
8.062763
5.232285
4.328924
3.942371
5.665162
4.695893
5.424222
4.766458
3.481380
5.212332
4.947514
4.494587
4.017447
3.879459
3.564446
5.673202
6.298070
4.180982
3.733073
4.700850
5.211587
3.030880
4.640201
4.666895
5.363056
5.937148
6.311186
6.071440
4.897498
8.145902
10.476161
11.902236
12.972698
12.305990
12.335010
13.088237
15.518280
14.947080
13.103151
12.198372
10.266868
11.119623
7.113125
8.348472
3.483183
6.217053
3.451803
3.091421
3.870311
3.987584
4.217737
5.599739
5.570693
4.039879
6.927899
6.400098
4.842159
3.726512
6.032899
6.934145
4.340663
6.272549
3.076879
4.623953
4.151080
3.902940
3.370943
6.416823
6.138203
6.049662
9.206563
9.246513
12.137139
13.821816
16.687745
16.394040
17.587047
16.565346
17.973569
15.618233
15.412319
13.459950
12.236896
10.812231
6.756620
5.910372
5.276493
4.611723
6.034095
3.336984
4.240353
6.719069
4.136491
6.713290
5.767397
5.638007
4.131897
5.290458
4.465726
4.262976
3.319839
6.599237
4.387296
3.908329
6.345149
3.266042
4.854620
4.081448
4.672648
5.269035
9.382167
9.377906
10.031657
14.737856
16.997851
19.345877
17.121728
20.500525
19.216948
18.465769
20.411841
16.605297
16.204688
13.742562
13.040004
10.188500
6.008352
5.586894
6.129866
3.610995
4.776060
6.691042
4.847565
3.956485
4.890561
6.666890
4.727016
5.843182
6.339727
5.539263
3.548873
4.993430
4.322632
6.583452
6.490638
4.171666
5.042129
5.790788
5.979341
5.094893
5.132834
8.422018
9.637948
11.745198
14.667745
19.486726
18.486039
22.528972
21.299298
20.784424
22.326712
20.200075
19.816041
16.378408
15.964057
15.208095
10.297472
10.515401
6.847769
3.133937
3.632294
6.651527
5.886171
3.133706
3.616958
4.537286
4.611893
5.979987
5.261564
3.127661
6.040548
6.078883
3.479330
5.543352
5.941097
4.982526
4.661773
3.064815
5.347798
4.898820
4.463653
5.613212
10.659415
12.161996
15.935091
17.689555
19.311042
20.296639
22.932804
25.969797
25.060969
24.169385
24.116680
21.339338
20.471909
17.262312
12.887973
12.489758
7.930966
6.499745
6.221319
4.315589
5.946612
6.563552
6.526026
5.298678
4.041698
4.680969
5.690066
4.022660
4.415782
4.358521
6.107582
5.139020
5.464025
5.882357
4.374287
5.950715
6.097049
3.269565
6.072769
3.408517
7.837954
8.520290
12.158039
13.108572
15.441025
17.793549
20.793491
24.439749
27.696542
28.362837
25.923497
23.722332
21.585891
17.904117
18.677006
13.951467
13.391896
10.887288
6.241569
6.604630
3.286355
3.296783
5.629603
4.469994
6.288203
4.806793
5.024818
3.987372
3.146763
3.347879
6.144535
5.258448
5.261684
6.245551
6.695505
4.330320
6.736897
5.519812
3.118232
5.770133
3.634835
7.545258
9.721119
11.922625
16.756380
15.951044
19.054972
23.211419
25.671029
29.011375
30.949851
29.352410
24.418519
23.748555
18.664477
18.653830
15.539177
10.822194
9.163090
7.419615
4.840743
4.138316
3.641046
6.088641
3.672982
6.350728
6.242424
3.451591
5.424798
4.702885
5.416980
6.458201
5.741796
3.739880
3.431584
5.322790
5.022238
4.604942
5.787788
4.293995
6.829821
5.384380
7.150695
8.784607
11.064162
13.314587
17.582426
18.915455
20.584124
23.173993
25.879951
28.405647
25.879248
23.208021
23.699703
19.652208
17.238016
15.193186
11.448355
8.714186
6.237389
5.140136
6.533873
5.123158
4.513944
4.361325
3.871889
6.335075
4.088015
4.520347
3.398900
6.076976
6.349295
3.324508
6.416913
4.322404
6.933263
5.234931
3.680709
4.302823
3.514391
3.118923
3.697581
5.569762
9.636981
12.618389
12.559739
18.241781
17.010039
19.025059
21.737410
26.254661
23.455060
25.644764
23.644743
19.313882
17.249752
17.797343
12.190922
11.548612
8.262320
5.129202
4.528928
3.017393
3.235142
6.243012
5.574809
6.729751
6.303914
6.209131
3.488442
6.610223
4.606538
3.354369
3.017299
6.204006
5.772538
3.870276
3.310170
4.060859
3.999750
5.145098
4.998023
4.762436
6.977838
7.462358
10.701022
11.949093
16.175007
15.865064
21.217284
22.110903
23.933813
23.877496
20.958282
20.350988
18.121461
16.119172
14.765686
14.640499
10.586913
8.209615
4.435631
5.808462
3.687096
3.237543
4.021021
4.890009
6.527311
3.411832
6.601944
5.328181
3.943323
3.725832
4.511868
4.643274
3.659956
4.906474
6.474639
5.026157
4.203758
6.055629
5.960963
3.122696
4.770433
6.539997
7.647548
11.517107
12.010777
12.407888
15.145988
18.275738
16.858173
21.266263
21.462765
18.461645
16.880886
16.481061
15.898752
14.604829
13.399434
10.462131
7.890640
3.515586
3.069416
5.533718
4.361476
3.191741
3.607238
3.772562
6.144337
3.908728
5.119251
4.006301
4.412631
5.637596
6.082529
3.390706
3.376101
5.425267
6.564586
5.604142
3.127611
4.382194
5.877709
6.824627
6.209956
4.441393
9.726267
9.699390
13.542575
13.849815
17.199392
17.120276
15.489189
16.080634
19.022297
16.022173
13.534017
14.360680
11.722664
10.488661
10.096722
5.809221
5.886965
3.732344
3.065986
3.134798
4.535958
5.373211
3.281914
4.446123
3.451177
6.235570
4.989646
6.516031
4.964672
3.060861
3.294867
6.929304
3.628818
4.526825
5.861022
5.602166
3.718416
4.273609
6.279219
5.458520
3.087961
7.831811
9.640125
12.294722
12.412977
13.712519
12.809517
13.010430
16.910232
15.703070
13.832787
11.825163
10.125425
9.395153
10.445611
6.124906
4.317625
3.152362
6.786290
4.847827
6.390378
3.880403
3.858670
4.787014
6.007884
6.629491
5.947536
4.263020
5.103459
4.916168
5.993773
5.733747
6.338010
3.464383
6.638724
3.797613
5.250207
4.831518
3.242429
4.342466
4.170233
3.584062
6.190788
6.117753
7.508605
11.782437
9.497157
10.001366
13.025778
13.429312
12.470662
10.249054
10.595503
11.728128
10.158956
7.252218
6.018743
4.194849
6.820484
5.447573
6.530151
6.435030
5.974580
4.453751
3.161792
3.189419
3.810012
3.023201
5.345018
4.375628
4.855139
5.168415
6.904473
4.951571
4.789230
4.952728
3.139606
6.938789
4.085901
3.375696
5.875384
3.479107
4.395692
5.992975
4.022459
4.495983
7.241438
9.333461
9.083027
10.947636
11.533466
8.365286
7.646413
8.306524
5.897266
5.411764
4.361095
3.326373
4.762310
6.271821
3.326799
3.263146
4.266929
3.424305
5.565233
4.829551
4.312672
4.307901
6.336531
3.908397
3.700207
6.887408
5.697816
6.664572
3.703728
5.373053
6.610808
3.839874
5.448751
3.126659
4.850765
4.980462
4.791355
6.656001
6.858351
4.954648
4.558056
5.616941
4.347303
6.606824
6.725204
8.472864
6.515450
8.574167
4.676121
3.578706
3.005352
6.468894
6.392455
3.233441
5.675401
3.076369
6.853716
4.609438
6.584620
5.647668
4.592853
3.061990
6.523526
4.056565
3.330498
4.463905
3.547654
5.460399
4.903333
6.122196
4.774761
4.656229
4.991170
4.627125
5.751594
5.845129
6.870828
4.158313
3.425173
4.138505
4.007941
6.534550
4.703101
5.737333
3.302111
4.043283
4.953769
6.602526
4.177635
6.564257
4.829065
3.716506
3.311749
3.572973
5.836482
3.663964
5.260710
5.037518
3.691354
4.425186
4.078409
6.556921
6.023427
3.980103
6.377255
5.199773
6.850598
6.511364
4.367057
6.820536
5.933327
3.251559
3.318572
5.590122
3.403428
6.282086
4.578522
