3.040368
5.821329
3.183278
6.151772
4.861911
5.951565
5.886040
3.583838
4.478872
5.615089
6.444928
5.680020
6.348496
3.183850
5.706376
4.465983
6.948256
6.080128
3.589673
4.750894
5.273569
3.338810
5.625274
4.051663
5.246457
3.065487
6.589091
5.061259
4.656709
5.453273
6.633042
6.711169
5.471768
6.207750
6.020250
6.973274
4.941736
6.417486
6.259676
5.840662
6.765672
4.511891
4.118225
3.592884
5.406469
3.803365
5.312235
6.446257
3.637807
4.296424
5.263010
3.133640
5.568619
3.323780
4.848892
3.366758
6.873334
4.906452
5.542431
6.833801
4.513997
6.838330
5.984809
5.959277
4.526774
4.403838
5.164030
4.870941
7.747247
8.551836
5.634125
8.998925
7.861863
7.253418
7.203129
5.673715
3.989857
3.653379
6.448406
6.258502
3.735494
6.475278
6.696574
5.943573
3.764799
3.970940
4.856852
6.495235
6.115465
3.830023
4.619721
6.895748
6.684426
3.521400
5.466261
5.205856
5.160816
5.172179
6.801906
4.055073
4.260093
5.745539
5.095714
6.383165
5.923254
6.319181
4.754018
5.957604
9.019131
7.556441
8.719858
11.558763
10.368203
9.543610
9.200298
10.550143
7.218686
4.835867
6.557848
4.028090
3.265333
4.483468
6.736073
6.466369
4.089482
4.816712
4.749171
6.213303
3.518898
3.585911
4.911094
4.722440
5.293969
4.185819
4.748595
3.734890
5.817219
5.195579
6.053629
4.840875
6.361874
4.215057
5.931745
6.133377
4.098484
5.335923
4.310926
6.932680
7.428578
10.247488
11.650768
12.282436
14.203895
11.006643
12.733037
10.316965
9.134255
11.209897
7.947953
7.816303
3.390028
5.024857
4.914372
3.179848
6.711781
3.344840
4.580637
3.183251
5.139941
3.349266
6.373310
4.649550
6.010976
3.787782
3.703616
6.493872
5.358825
6.923547
5.446739
4.664084
5.627650
3.087762
6.878887
6.360991
6.704843
6.041650
4.877920
5.145796
8.323676
12.215062
12.303578
12.711998
13.194644
16.326583
15.317428
14.211054
13.255999
11.345730
11.062046
10.504577
7.312870
6.012285
4.041318
5.582639
5.810853
5.604953
4.185655
6.220700
4.588934
6.932377
4.125292
3.999526
5.309618
6.039826
6.363379
3.887290
5.870405
5.159857
5.000118
3.370333
4.746726
5.786413
6.620062
6.138550
4.945943
4.930586
3.950013
7.570211
6.604901
12.199744
12.681600
13.434590
16.114853
15.576748
16.174205
19.305626
16.870082
15.104027
15.036099
12.025093
12.575871
11.299898
6.892981
4.509557
3.931525
6.651623
3.458254
6.904718
6.046976
6.914822
4.747615
5.267701
4.235704
6.891480
6.763366
3.426779
5.089964
6.662969
6.494654
6.757946
5.400681
5.447963
5.402741
5.036302
6.031733
3.294241
5.710529
4.824776
9.406305
10.854010
11.765653
14.877560
14.629010
16.500380
18.404777
20.821462
21.529425
21.675714
17.850735
18.469281
16.918394
13.221744
10.649980
9.000496
8.369383
6.323554
5.120552
3.269101
3.507273
3.493677
6.557303
3.066025
3.070626
4.810343
6.660972
4.031737
3.943028
4.612714
4.967887
4.805221
3.473246
5.011421
5.598624
3.789266
4.933361
4.900367
6.598596
5.849272
5.562373
9.984611
12.783429
14.011830
16.917799
17.005097
20.607084
19.951717
20.984542
21.642957
23.091731
20.705152
20.703029
17.621447
15.736468
11.859670
11.154496
7.361203
4.388715
5.790448
5.662203
4.970657
6.659986
3.802921
3.279595
3.093394
3.436743
6.620502
6.295309
4.991477
4.834921
6.409431
5.548868
4.928205
6.512965
6.016640
3.090534
3.296064
3.363995
4.069191
6.856629
7.350463
9.956400
13.725173
15.172059
17.472330
19.154656
21.061949
22.555961
25.944598
24.462856
22.542884
22.061111
22.547508
20.719050
18.166320
14.716444
10.950819
8.506695
8.558785
4.584451
5.383457
3.594992
3.010481
3.717578
4.131517
5.564660
6.897436
4.121313
4.425977
6.026835
5.830041
6.815555
5.307451
6.130302
5.234069
5.508570
3.899474
4.750194
4.656252
3.943227
4.043090
8.148935
11.428815
13.579752
15.721964
18.573928
19.261896
20.874263
24.045148
25.783496
26.157560
25.478665
24.472269
22.777627
17.952821
15.838258
14.775315
11.220944
11.185538
5.361685
3.733926
4.361406
4.270441
6.215299
6.013762
6.763357
3.401349
3.460445
4.570592
4.177402
4.030885
6.900053
6.815031
3.310525
5.480226
3.230765
6.326213
6.252073
6.617541
5.270374
3.012025
5.481370
5.764117
9.782989
10.582303
15.046666
18.608467
20.305671
23.234669
23.054956
28.215949
30.520208
28.052849
23.469776
22.113375
20.215992
18.559562
13.133431
11.632254
8.451290
8.759078
3.847569
6.709220
6.236346
3.545064
6.211993
6.066349
4.146148
3.512918
6.011263
6.965808
6.957282
6.087320
3.846027
3.302044
3.125185
6.307557
6.963611
4.821901
6.188321
3.190619
5.920099
6.435836
7.823687
10.081842
11.266568
15.981928
18.694890
20.548104
20.967054
22.687527
27.514978
26.201339
28.260711
23.787025
22.535895
20.654712
15.953605
12.968470
10.975002
10.082082
7.691112
6.789500
4.799240
3.820684
6.431260
5.102718
4.112834
5.324904
5.302457
4.154318
6.205768
3.042641
6.052087
4.624985
3.570208
4.536700
3.172379
6.357417
4.590545
4.917173
6.727607
5.105355
5.628871
5.349248
7.592545
10.483141
15.409623
18.162644
20.708878
20.556716
22.647537
26.108009
23.548730
25.585769
23.654056
19.366919
17.423462
14.871644
13.766797
10.265464
11.329730
7.421460
3.884375
5.082972
3.711830
6.214764
6.644585
3.213659
4.328550
6.685245
6.626009
6.824644
5.146137
6.931700
3.871144
4.890099
4.532523
4.450206
6.121892
6.808022
4.041870
3.513639
3.531756
3.812054
4.297319
8.210754
9.337437
11.934004
17.239992
19.458063
21.141172
19.447979
23.684801
21.626417
20.630384
19.514297
19.918102
18.699964
17.342234
13.253582
9.526922
9.237732
6.843935
4.008908
5.860464
3.956900
5.789700
5.488604
4.454355
5.991050
5.116477
4.479583
6.020135
5.984173
5.993467
4.854403
4.827859
6.765989
3.494908
3.066171
3.058191
3.577344
6.660632
3.050298
4.013007
5.285430
6.726584
11.614242
13.958000
13.122450
15.329369
16.590216
19.390953
19.460117
21.034041
17.937515
17.549107
17.160496
15.000174
15.002017
13.906653
10.577317
8.794805
4.092305
4.282131
6.086049
6.432720
3.239863
5.065175
5.594318
4.531379
5.046021
3.797007
3.958452
6.602192
5.958082
5.813134
5.233132
5.202534
4.507664
4.482811
4.223569
6.699594
3.536960
4.993336
4.514011
5.194412
6.547993
7.442828
10.618703
13.962028
12.450790
14.495105
14.755621
16.252395
16.853183
18.145465
16.258884
17.006867
15.954951
13.112306
9.381907
10.359937
6.341325
5.558573
6.560749
5.454625
6.896845
6.607324
5.461981
5.857895
3.168338
6.458091
5.770074
6.239592
3.516226
5.045944
5.948941
6.782586
6.483950
3.167775
6.705107
3.669146
5.801975
3.217981
6.932709
6.494860
5.397608
3.709015
8.648295
8.258235
9.059778
11.742179
12.826197
13.588248
14.121828
13.266075
14.126046
15.736868
12.963777
11.964497
12.109728
9.285530
7.823912
6.763605
6.626616
5.627995
4.828702
5.616378
6.606759
6.827215
4.798524
6.946507
5.924206
5.171355
5.121950
4.639227
3.359753
4.419243
5.483846
3.695940
4.597423
4.034764
3.809669
3.656671
5.334168
4.031061
5.162679
5.180747
4.086344
5.666901
7.139570
6.734535
11.760481
11.540036
11.759052
13.374213
14.023478
12.741235
13.333592
9.100921
8.461265
7.104129
5.290784
4.133646
3.204930
4.626986
4.144651
3.281627
6.292901
3.336410
4.772546
5.432980
4.213530
3.354591
5.908146
4.245465
6.256164
5.148020
6.439151
5.900816
5.273624
5.747035
5.441975
3.304372
6.202307
5.998785
4.158330
5.363035
4.036610
5.323135
4.589078
6.292057
6.624891
7.699620
8.624387
10.309709
10.417596
11.648120
10.104527
8.640554
8.773153
5.822627
5.269434
3.068882
6.025002
6.499269
5.436733
3.921307
5.123723
6.495027
5.060742
4.883123
6.336395
3.078355
5.753225
6.598208
4.473426
3.674708
4.707948
6.460467
4.882302
4.730300
5.780868
6.332152
3.022319
4.122596
3.628504
3.367440
4.061167
4.363781
5.431980
4.556017
4.184330
5.050582
5.309895
6.418309
5.090981
6.796408
9.406805
9.170738
7.792458
5.456854
5.174491
5.745177
5.263111
6.165506
3.381213
3.203587
5.783056
4.992805
5.788800
4.942390
4.844648
6.724590
6.790015
5.262858
5.661746
4.894755
3.122988
3.045629
5.949884
4.829615
5.294744
6.863662
5.017692
4.462222
5.652415
5.993702
3.601177
3.135839
4.766104
5.355819
3.465382
6.602884
4.990309
3.009882
6.538277
4.727693
4.693765
5.679122
5.732235
5.625743
6.149518
6.207591
5.794264
4.861066
5.423399
3.543471
6.586270
3.200469
3.767127
5.856256
5.441065
5.622055
6.175238
6.876138
4.870908
6.321356
6.544937
8.993339
6.614193
8.862435
4.969383
6.369133
4.004339
3.829149
3.198038
5.210696
6.530034
5.661595
6.986932
5.676575
3.701068
3.492737
4.646648
3.215960
6.447076
6.742939
6.259544
6.405498
4.645056
5.015816
5.434735
4.801814
6.972086
4.619624
4.114698
5.576019
6.943383
6.032110
3.149582
4.763384
5.654478
5.669109
3.785219
5.547515
6.592232
5.848059
10.157961
9.495203
9.138435
8.395733
10.561719
10.505694
9.786944
8.348797
4.920944
3.892813
6.834951
3.766085
3.423308
4.613229
5.892314
6.596011
4.839934
3.018449
5.267843
4.172908
6.437854
5.743954
6.900073
5.422947
3.541881
6.549911
6.386178
6.323423
5.742716
3.136331
6.626726
5.780530
6.200511
3.850955
4.038275
3.660331
4.949123
6.396291
7.820831
9.055513
11.303675
10.873888
13.529532
11.987788
11.551356
13.192809
12.200642
9.123860
11.223126
8.769715
8.676824
6.113068
5.869026
3.058932
5.982257
6.983592
3.534905
5.704000
5.636618
5.207925
4.900082
3.631140
3.980052
3.214100
5.351365
3.420223
6.122300
5.201367
6.924397
3.811333
6.247419
6.139826
4.564216
3.260409
4.360581
6.113970
4.227646
4.378498
7.444265
9.771826
11.700953
10.992690
13.188408
13.626562
12.973552
16.477602
15.087053
13.098767
13.256651
11.240306
9.723469
9.570877
5.656106
6.167324
6.519029
6.004175
3.451052
3.703116
3.614039
6.670261
5.895671
4.280294
4.918867
4.124748
4.131457
5.906179
6.823987
5.152165
4.484338
5.657167
6.389460
3.564486
6.681266
5.800328
3.151304
5.181552
4.335848
3.554743
5.308542
6.745000
11.126113
11.727037
12.993839
16.196809
15.600671
17.030209
16.139978
18.784942
14.909920
17.265959
12.243404
11.349839
10.884230
7.401407
4.883935
5.055234
6.434253
6.103202
4.270567
6.796495
5.364167
4.528626
4.993830
3.359862
4.017558
4.653425
3.856138
3.746375
3.402175
4.800249
4.965312
3.245520
6.173062
6.227224
3.694153
3.976453
5.247218
5.352517
4.621550
8.211665
9.634013
11.287869
12.548475
16.449547
16.998922
17.660279
19.428552
20.061342
18.347786
19.665602
16.910738
14.300124
15.703371
11.050931
9.686885
6.335634
6.366568
3.361679
5.621172
5.296702
5.177948
4.118412
4.405675
5.851996
4.536267
5.567882
6.953394
3.464216
5.739938
5.443250
3.855751
5.491130
6.335330
6.345843
4.318080
4.448631
3.977530
6.102228
3.018451
6.714282
8.791980
12.875904
12.715029
17.328957
17.962494
17.591080
22.421024
23.448099
23.568913
20.188006
21.077971
20.665015
16.290068
14.041990
12.841794
11.462077
7.111198
7.001060
3.978926
4.437891
3.289038
4.272732
3.455755
3.255233
4.441839
4.555041
3.738920
5.196934
6.860528
6.334616
4.138519
5.487722
5.827482
5.708530
5.035352
4.124433
3.409685
4.975838
5.091530
3.304817
8.064962
10.693277
10.651233
14.440985
17.941440
19.437808
19.312023
21.717455
25.408203
25.385951
26.034187
24.660726
20.389039
18.528835
14.875873
15.241856
11.719352
9.251129
6.314983
3.402777
4.980416
5.341063
3.595128
5.921913
3.480826
3.375763
3.052407
4.980003
3.078595
4.275000
6.121660
4.459780
6.875996
5.539663
6.835891
3.661416
5.081908
6.648096
6.248064
3.705034
4.968840
8.196195
10.128933
13.380506
13.956464
17.733794
20.873043
23.339972
26.344484
27.392276
29.294916
25.053986
23.439119
21.153871
21.530065
15.412834
14.704777
12.697791
9.447763
7.062448
6.823443
4.985924
6.724072
4.694665
4.445176
4.204795
5.002720
6.533096
4.061164
4.328051
3.857074
4.265839
5.349575
5.568036
3.515973
3.211038
5.230732
4.469366
3.249553
4.849946
3.303793
4.942723
8.925650
11.943313
11.679794
16.866376
17.258879
20.340897
20.768952
23.251910
26.170134
28.982588
28.594588
24.710010
21.475292
20.966326
16.695107
16.063333
10.916875
10.676016
7.150054
3.300204
3.838468
4.700879
4.247541
4.055916
5.040677
6.755460
6.980433
3.219903
5.354053
5.490314
4.850717
4.028114
4.480043
6.797923
6.501754
6.186340
3.959485
6.834957
6.058614
3.733821
3.766895
8.994343
9.669280
12.450285
15.390772
18.485334
18.813691
23.715039
24.941780
25.771779
29.044225
28.422646
23.273766
21.039327
20.921601
18.359912
15.059002
11.279845
9.365779
8.324407
4.503636
4.630468
5.762072
4.748681
5.242849
6.309574
6.603033
5.360210
6.635056
6.641153
3.178605
3.874635
5.460405
3.778921
5.515203
4.942844
4.067932
5.304013
3.039331
4.526177
3.106509
3.832491
6.981566
9.249621
11.582248
13.625794
17.425202
20.141583
19.542730
24.197093
22.697794
25.797699
25.568510
24.156148
22.638604
19.587148
18.505924
12.709471
9.922190
11.288804
8.948290
6.583923
4.796865
5.530593
4.439420
3.423868
6.781195
6.499892
6.568012
5.373923
5.639083
6.109391
6.111491
5.265766
6.100996
4.863181
4.420868
6.572874
4.523765
4.325202
5.207565
5.144138
3.348056
7.774694
7.259998
9.743724
12.943831
14.445112
18.789562
20.519118
19.940285
21.870770
21.993583
22.850285
20.725520
19.962693
19.433360
16.140775
11.981724
10.645519
6.657289
5.670632
5.434028
6.874307
4.058353
3.027394
6.559449
3.162546
4.585709
6.379175
5.227573
5.127490
5.875570
6.535605
4.147522
4.874652
6.446706
3.644531
6.706812
4.769442
3.841512
6.958847
6.833470
5.361524
3.675989
7.701016
10.353394
11.325493
14.094798
15.630682
15.625981
19.438105
19.460413
18.365380
18.576700
17.431123
16.780699
15.425879
14.331444
12.416262
8.607258
6.589660
6.725719
3.264213
3.018745
4.230231
5.484216
4.273077
4.137405
5.786307
5.418127
4.181087
4.950504
5.594480
5.307486
5.439740
6.461914
3.123173
6.250736
6.298472
5.467034
3.406515
6.996028
3.134682
5.149789
6.943315
5.735273
9.058922
10.980932
10.457015
15.136557
14.197301
15.080704
17.176365
17.576218
18.893067
14.567616
13.904944
12.004911
12.403678
8.927081
8.203581
4.723425
3.507358
6.311578
6.191984
3.176361
5.361601
3.464240
5.373376
4.527586
3.008656
3.341753
3.806682
3.434411
4.627503
3.541051
6.223480
5.968116
4.470412
3.608430
5.067774
5.243089
5.855762
3.969888
5.386642
5.566115
6.020712
6.960780
9.648729
10.832033
10.354295
12.585985
14.831852
16.488435
13.818602
14.982158
15.134705
14.240309
11.690888
10.851517
7.757449
5.160016
3.983111
3.316248
4.762393
5.781356
3.863697
3.253625
4.846566
4.663991
5.284791
3.999681
4.377595
6.962128
3.876984
3.580802
5.340469
4.934612
4.025443
4.770888
3.253084
5.469881
6.048160
6.275318
4.636840
6.595541
6.110186
6.803931
4.675013
5.686746
10.067053
11.118896
10.437593
12.183147
11.834117
12.730001
11.342510
11.215212
11.230767
8.658422
8.519585
5.360962
6.770332
5.451650
3.990457
6.716342
3.816176
5.567930
5.045300
5.177461
4.937477
3.891382
4.269799
5.115874
4.354357
3.085414
6.946169
3.938477
3.444164
3.253416
4.013582
6.392469
3.580773
5.444244
3.254269
4.758140
4.948738
5.885305
3.913434
5.202094
6.959337
7.553099
5.908647
7.467750
8.895594
8.355191
8.153902
11.450533
10.232081
8.804801
8.610660
4.466176
6.064818
6.331577
4.090288
6.299519
4.103498
3.764479
5.442445
3.231608
3.810092
5.062896
5.573834
4.008806
4.570026
3.952466
6.654541
3.493593
6.748256
6.904162
6.637091
5.732555
4.441774
6.317311
3.799498
4.688880
3.085120
3.363587
4.118036
4.946729
3.659054
6.582329
5.443620
5.389419
4.651338
5.402776
5.658520
6.028941
7.811036
5.526447
6.607541
6.548142
5.063607
3.857741
3.567306
5.619049
4.625386
6.893134
3.678373
3.458291
4.189928
6.064506
4.940592
5.833910
4.074308
4.368319
3.184653
6.718119
5.904352
6.550185
3.392740
3.646127
5.841943
5.166813
6.207180
3.714346
4.270427
5.724516
3.793352
6.987210
5.705173
3.148476
4.860421
6.864186
6.860790
6.457992
3.652606
6.709866
3.814120
5.049494
5.916525
4.613174
4.487229
4.358558
5.090225
6.752748
5.428737
3.677063
6.953000
5.013615
4.655912
4.894491
3.995107
4.882942
5.797287
3.470495
5.541681
6.258839
5.134615
5.330153
5.388201
3.695876
4.851793
6.584362
5.984446
3.940921
5.135042
6.078763
6.569567
