6.284067
6.020240
5.725642
6.296436
5.193471
6.473562
6.582137
6.168519
6.807690
6.027461
5.877144
5.596833
5.091409
5.411758
6.735464
6.091525
6.071302
5.051545
5.771036
5.893618
5.639054
6.772771
6.424228
5.330764
5.390270
6.278184
5.082796
6.415606
6.181357
6.407466
6.059889
6.833059
4.977394
5.237509
5.699767
5.839346
5.119628
5.974772
6.028134
5.797361
6.833902
5.201637
6.790236
6.031105
6.437081
5.364096
6.313759
5.558627
5.417350
6.672145
6.805306
5.359490
5.556624
6.789252
6.027304
6.892515
5.858986
5.150210
5.539990
5.841900
