15.059181
15.224097
15.479799
15.712883
15.812401
16.163177
16.355101
16.773710
16.928518
17.084708
17.318573
17.390650
17.755665
18.008758
18.175096
18.445438
18.424482
18.818871
18.838044
18.831935
19.097761
19.247202
19.457374
19.556697
19.416670
19.893021
19.696853
19.676762
19.815606
19.982753
20.114571
20.024883
19.820351
20.030906
20.010089
20.070580
19.929857
20.121764
19.730925
19.764633
19.590046
19.425900
19.402535
19.349940
19.203795
19.096360
18.810299
18.798559
18.618639
18.561526
18.335522
18.185785
17.891906
17.679634
17.530273
17.359303
17.058104
16.899391
16.731509
16.472466
16.188501
15.891981
15.824942
15.486855
15.338641
15.009909
15.044906
15.326652
15.381932
15.769799
16.052293
15.956140
16.273591
16.528436
16.872217
16.962962
17.235293
17.556671
17.757690
17.712106
18.181020
18.244091
18.456851
18.579905
18.710954
18.996168
19.099453
19.073835
19.167749
19.569761
19.344678
19.473237
19.626354
19.724406
19.628061
19.764489
19.937727
19.811449
19.934514
19.922998
19.772359
19.687562
19.820308
19.640680
19.543696
19.879959
19.568638
19.393480
19.264762
19.380100
19.158364
18.843298
18.827268
18.720702
18.431290
18.250926
18.280583
17.967668
17.840975
17.794311
17.482788
17.141766
17.216102
16.694020
16.496645
16.393872
16.053923
15.931896
15.725721
15.460474
15.291187
14.914679
14.798635
15.320526
15.251205
15.468456
15.815923
16.184288
16.282247
16.435856
16.544122
16.906575
16.968263
17.358745
17.305084
17.754838
17.831669
18.063229
18.059580
18.169738
18.349502
18.369037
18.665568
18.725279
18.591721
18.918456
19.119186
19.204769
19.062898
19.099952
19.351781
19.429645
19.242058
19.471736
19.431109
19.428626
19.540827
19.267257
19.360411
19.268378
19.135750
19.135394
19.178633
19.118606
19.092432
18.904115
18.688279
18.810883
18.476142
18.583589
18.134766
18.036421
17.879401
17.704362
17.459134
17.379894
17.188435
17.121189
16.997864
16.572977
16.368282
16.187663
16.042374
15.868729
15.615684
15.383945
15.144565
14.935532
15.113721
15.074604
15.359917
15.653562
15.816243
15.931130
15.972069
16.302590
16.405927
16.541321
16.601732
16.795749
16.930888
17.142703
17.320286
17.420521
17.718102
17.871876
17.896282
17.950709
18.093405
18.226135
18.442772
18.271270
18.321952
18.501283
18.699225
18.553674
18.691107
18.676589
18.532623
18.700479
18.942562
18.816339
18.764244
18.587916
18.560364
18.488464
18.544695
18.791909
18.473093
18.507746
18.384268
18.229596
17.894032
18.047475
17.871274
17.688241
17.707011
17.531704
17.415680
17.154587
17.214385
17.239031
16.934394
16.801617
16.603335
16.439475
16.304690
16.180817
16.118516
15.657159
15.458517
15.256197
15.209018
14.995516
15.038805
15.237698
15.316879
15.461094
15.582860
15.546033
15.868777
15.895544
15.917437
16.133080
16.232006
16.422936
16.699668
16.819682
16.888253
16.927721
17.041490
17.163354
17.226821
17.212365
17.240350
17.378638
17.452209
17.599555
17.617185
17.650013
17.775981
17.541710
17.709445
17.852093
17.898960
17.959949
17.846998
17.938263
17.941092
17.845763
17.769769
17.792108
17.680269
17.618231
17.735137
17.591377
17.506104
17.446361
17.342896
17.241754
17.296868
17.365440
17.052185
17.097886
16.890420
16.822748
16.610594
16.414303
16.340579
16.179921
16.079425
16.086308
15.901053
15.715036
15.717727
15.536969
15.424551
15.372430
15.143939
15.052784
15.154038
14.885826
15.170671
15.270844
15.377914
15.492214
15.560092
15.630633
15.612917
15.806616
15.857289
15.945536
16.149263
15.962773
16.138353
16.275619
16.137013
16.499670
16.189471
16.476211
16.417776
16.358512
16.619792
16.444863
16.601737
16.746176
16.782474
16.510465
16.802289
16.753730
16.797393
16.798142
16.831044
16.716557
16.821807
16.881932
16.710521
16.660336
16.745059
16.712864
16.603601
16.489430
16.652450
16.425338
16.343261
16.574074
16.505816
16.391842
16.177756
16.287130
16.165920
16.164773
16.183134
16.099355
15.912282
16.078397
15.790184
15.668846
15.599034
15.385964
15.289133
15.197927
15.303044
15.215693
15.134216
15.227997
14.909393
14.981947
15.134871
15.014414
15.224260
14.983095
15.345629
15.225299
15.163377
15.366298
15.184644
15.317119
15.368616
15.344515
15.500173
15.525459
15.421256
15.521353
15.370405
15.552810
15.579662
15.524260
15.714927
15.454836
15.683421
15.638363
15.499544
15.548319
15.526758
15.714651
15.707395
15.552483
15.704452
15.539157
15.538592
15.531478
15.619134
15.652974
15.611098
15.668462
15.570462
15.681360
15.532141
15.580414
15.435398
15.488275
15.550019
15.453935
15.296339
15.512258
15.244876
15.322339
15.462366
15.236706
15.514579
15.249454
15.476327
15.216394
15.209757
15.322926
15.288809
15.078249
15.070303
14.995611
15.121628
14.957754
15.187899
15.180791
14.822024
14.824695
14.806786
14.753207
14.863259
14.787177
14.702510
14.758875
14.705366
14.636106
14.769058
14.652955
14.560150
14.699011
14.487443
14.432581
14.601782
14.342921
14.513371
14.540270
14.498966
14.622284
14.545712
14.566406
14.480886
14.501233
14.419321
14.378012
14.443218
14.514728
14.447615
14.475457
14.240322
14.503083
14.548157
14.370144
14.377914
14.571277
14.454815
14.489752
14.522635
14.342216
14.591449
14.234263
14.521135
14.452534
14.451871
14.508278
14.792021
14.626207
14.587762
14.783791
14.743021
14.800311
14.700394
14.834823
14.805949
14.837903
14.875370
14.913375
14.918270
14.957270
15.076389
15.085791
15.150749
15.004023
14.855639
14.644560
14.790682
14.531903
14.431542
14.595708
14.315874
14.486497
14.109777
14.250971
13.838405
13.917626
13.647833
13.738331
13.753139
13.714084
13.571564
13.602797
13.511230
13.390185
13.279894
13.468428
13.293478
13.156512
13.306225
13.224748
13.321300
13.308719
13.193797
13.336771
13.355721
13.123301
13.198500
13.341943
13.176921
13.157396
13.217666
13.414069
13.331347
13.410333
13.497472
13.562919
13.328645
13.502057
13.474377
13.615116
13.452768
13.767817
13.899748
13.796444
14.183564
14.071254
14.132388
14.064442
14.219719
14.506108
14.379973
14.461728
14.618306
14.622615
14.644022
14.739187
15.014359
14.932540
15.033796
15.055142
14.841786
14.622004
14.310381
14.205642
14.124092
14.017328
13.915290
13.815078
13.584243
13.611684
13.444987
13.184594
13.016632
13.113584
13.026368
12.930164
12.909731
12.692298
12.634815
12.464350
12.471597
12.503129
12.553019
12.319578
12.315433
12.234861
12.387337
12.216895
11.939359
12.160314
12.156855
12.272671
12.192042
12.276756
12.090330
12.262687
12.259781
12.314556
12.337686
12.444599
12.474581
12.682457
12.647528
12.629590
12.954032
12.710203
12.884363
12.870910
13.229736
13.170209
13.338083
13.380729
13.370232
13.841460
13.866528
13.754780
13.965601
14.329118
14.351306
14.519406
14.464226
14.533708
14.882564
15.009862
15.045880
14.878049
14.533567
14.297522
14.211553
14.188411
14.019312
13.696353
13.539869
13.300050
13.141921
13.102371
12.931346
12.790597
12.844698
12.316268
12.307870
12.100839
12.019657
11.884193
11.857043
11.853927
11.682994
11.412640
11.545596
11.652501
11.481936
11.550173
11.362504
11.426801
11.338825
11.394315
11.347645
11.145095
11.367296
11.303950
11.223975
11.419600
11.333234
11.429851
11.459028
11.619529
11.469403
11.885337
11.712150
12.044310
11.863654
12.118906
12.435788
12.509267
12.601002
12.648549
12.677358
12.674199
13.013843
13.258133
13.439949
13.669061
13.761980
13.931138
14.004083
14.431217
14.438537
14.800518
14.863462
14.892902
15.219799
14.741362
14.554136
14.374848
14.175845
13.984496
13.782605
13.726916
13.252193
13.312083
12.896420
12.698372
12.493528
12.388104
12.248870
11.854009
11.922612
11.883271
11.518565
11.473276
11.382847
11.149852
11.238702
11.097704
10.975830
10.912444
10.722881
10.732311
10.754240
10.651877
10.548290
10.643450
10.544592
10.500385
10.718332
10.612179
10.549338
10.857240
10.640251
10.974675
10.725369
10.952687
11.162362
11.111638
10.969414
11.244573
11.459174
11.678973
11.577184
11.993115
12.051154
12.246073
12.349330
12.560955
12.717497
12.992990
13.027660
13.381891
13.501212
13.756560
13.936218
14.173643
14.458711
14.397367
14.892668
14.945903
14.980431
14.629340
14.511918
14.300759
14.062337
13.896173
13.580626
13.348040
13.159507
12.981843
12.790451
12.696012
12.487991
12.406150
11.842118
11.703501
11.524091
11.431173
11.307190
11.190219
10.967879
10.836407
10.710660
10.690884
10.678158
10.624551
10.226656
10.246173
10.311052
10.284396
10.113968
10.017667
10.184627
10.147781
10.166172
10.214021
10.059494
10.222015
10.465712
10.456370
10.388319
10.392529
10.550330
10.738951
10.949576
10.854156
11.187056
11.341333
11.366626
11.717022
11.711247
11.889526
12.192429
12.395161
12.707686
12.670420
12.929072
13.101030
13.329774
13.555119
13.862285
14.284596
14.187877
14.662595
14.783339
14.847544
14.795003
14.896144
14.516974
14.374513
13.909010
13.820520
13.648020
13.426838
13.140505
13.154916
12.589461
12.620733
12.342185
12.313963
11.946721
11.529403
11.461657
11.223567
11.072765
11.126577
10.959081
10.726256
10.681506
10.373856
10.627982
10.428538
10.282706
10.151175
10.099684
10.103231
9.979449
9.876837
9.980901
9.837840
10.074012
9.972286
10.066559
10.131653
10.067241
10.331895
10.276660
10.390833
10.300383
10.718661
10.858864
10.776715
11.036677
11.197694
11.248488
11.553942
11.927525
11.728859
12.049518
12.305299
12.396738
12.735749
12.949102
13.136654
13.267454
13.542511
13.984291
13.957313
14.198677
14.644557
14.810763
15.021341
15.077736
14.825175
14.572684
14.361443
14.114928
13.759123
13.671839
13.439672
13.197287
13.159719
12.846927
12.655834
12.339844
12.205809
11.875430
11.684284
11.579289
11.237462
11.142582
11.188154
11.032643
10.953424
10.874720
10.619169
10.611541
10.493756
10.403031
10.129070
10.210943
10.294964
10.058716
10.138878
10.332279
10.243610
10.093796
10.231849
10.252788
10.097640
10.257062
10.288302
10.619618
10.442635
10.564217
10.680772
10.994728
11.023664
11.205913
11.308456
11.446198
11.460596
11.765433
11.911482
12.257662
12.389216
12.599224
12.696216
13.079969
13.175418
13.421347
13.570230
13.854487
14.032101
14.049751
14.501257
14.708255
15.079075
