7.336742
5.292680
2.099160
-0.220700
-2.422468
-3.467956
-3.642011
0.991553
-0.167958
1.721016
1.489999
-3.287205
-2.688103
0.543588
-3.208066
1.582645
-1.273468
-1.920100
1.256479
0.920544
-1.044697
3.318990
2.494116
-0.678312
2.074355
0.291612
-3.808730
-3.528260
3.193908
0.452597
0.378929
-0.641390
-1.488432
-1.179352
-4.307539
1.555125
0.085021
1.226011
3.383868
-3.456013
-3.593281
1.500412
-1.088779
-2.316570
1.102127
-0.483754
4.305339
-3.056109
-1.386485
-1.949494
1.477146
4.456961
6.937646
5.378857
0.598521
-1.477311
2.090804
2.886538
-2.336326
-5.389253
-0.368326
-1.251468
2.687774
-0.701404
-0.897362
1.091122
0.927952
-2.846215
1.230231
0.971660
0.090771
-1.472761
0.176343
0.097456
3.205746
0.539909
1.477177
-0.654467
-0.807679
-4.304460
3.429258
1.083073
1.441292
-0.132050
-0.867166
2.879892
-2.146228
0.989921
3.098488
-3.029456
2.006855
2.437559
-0.294600
2.556569
-0.467254
1.192817
-3.606175
1.045918
1.153886
-1.099721
0.104189
0.654520
4.881781
3.411822
3.708647
2.225296
-1.401556
-0.197128
3.970709
1.877343
-2.708943
1.741579
-0.362112
4.141698
-1.182141
-5.142488
0.119574
-0.744321
2.025497
-2.015937
-2.102751
-0.409201
0.539250
-1.470045
-0.390458
-1.341345
-3.951520
-2.620635
0.975812
2.249587
1.993339
-0.955267
-0.296880
-3.545473
-3.915901
1.087280
-0.551217
0.217823
-2.544074
1.970408
-2.094550
-0.187992
-1.540847
3.006109
0.334877
2.358512
-2.155577
0.043896
0.365149
0.517296
-0.695977
4.558668
-0.234085
4.550387
-1.613710
3.989269
1.055244
3.784801
3.420702
0.999098
-3.141463
-1.148625
-3.406978
-0.706890
1.303992
0.033418
2.114848
-0.302899
-1.181924
-2.370522
-1.357359
-2.417269
0.386795
2.056763
2.010475
3.302010
-0.799508
-0.152848
3.356568
-2.346191
0.719445
-0.854737
-0.270498
0.125450
-1.241412
2.989737
1.507293
-1.099913
1.452521
-1.523990
-0.815126
0.188201
-0.891245
-1.787431
1.186646
3.256527
-0.091499
0.217368
-1.409695
-3.485014
2.342956
-0.631077
1.047259
2.381966
1.865730
0.293784
0.776080
-1.696745
0.438097
0.665644
-1.532796
2.673644
2.889806
0.550609
1.317211
2.057004
3.224095
1.090563
-1.603927
-0.968061
-0.841024
0.709614
-0.208011
4.271669
-0.900995
3.352890
1.093480
-1.244484
-1.305892
-0.232556
0.206166
0.062779
-1.258617
0.947429
2.872781
-1.450647
0.457573
-1.780822
-0.347313
3.142286
-2.877814
-1.062563
-0.846528
-2.652569
1.617635
1.758012
-1.676557
-1.732421
0.637351
-0.087399
-3.003295
1.491455
-1.654323
-0.430793
-1.889972
-0.600909
0.190691
1.289461
2.837039
1.275469
3.439595
-0.002947
-0.156286
2.017108
-1.589830
-3.543365
-1.076983
0.133592
-0.332620
0.358415
2.762164
-0.155607
-3.094457
1.171268
0.315090
-2.442978
-0.232780
-2.702238
-0.091438
3.128456
0.232606
-0.071427
-1.636061
1.397693
0.918575
-1.122376
2.076062
2.755207
-1.940102
2.218258
-2.408452
-3.769576
-1.394170
-0.714177
4.245347
-2.429550
1.852396
0.587031
1.819429
-0.957626
-0.320410
-1.114774
1.250719
2.780941
-1.074277
3.132121
-1.551117
0.809605
-1.242398
-5.167494
1.974726
0.026671
-0.007317
-0.747158
3.036797
1.838714
-0.871422
-0.056952
-1.963157
-2.217793
2.800525
-2.127691
1.190081
-3.131052
-0.989491
-4.011854
4.045144
2.761501
3.195808
-1.252230
-1.275900
0.619543
2.187644
-0.597777
4.032218
-2.461932
-1.245701
1.915419
0.129953
-1.864108
1.336968
-0.655508
-1.345627
-1.052010
-3.214627
1.713063
2.287832
-0.481574
-1.001489
0.364864
-1.618266
-0.784316
-3.064673
-0.638538
0.849506
-0.803168
-1.791501
0.618542
4.517512
0.721651
0.146852
2.909704
-3.596676
-0.349572
-3.588424
2.069536
-1.588500
-2.776327
1.791573
0.406342
1.991180
-1.905095
3.127583
-0.002340
-1.733125
1.340886
1.001842
0.622541
-2.374297
-2.143037
2.227303
3.426559
-2.232767
-1.595212
-0.275298
-0.951632
0.674696
-1.048767
-4.363873
1.629827
0.288100
-1.709495
2.414121
2.905534
1.651362
1.693575
-2.266033
-1.805868
-1.479843
1.947180
-2.110158
0.592646
0.210102
0.516005
-3.288632
-0.935569
2.836428
1.442649
-0.121626
3.511020
-0.863324
2.708279
-1.320648
-0.706451
0.049079
2.322848
-1.143667
0.592194
0.598617
-0.673965
-2.453089
-3.452949
-1.168326
0.731474
-2.268496
-0.366692
2.277060
2.367351
0.790613
-0.220294
-0.164773
2.101793
-0.159006
3.493070
-0.030073
1.358674
4.766235
-1.587571
1.289554
-1.039975
2.048695
3.613428
-1.143577
1.922031
2.464832
-0.976629
-1.146081
-0.851332
-2.829262
3.253477
0.798494
-1.290738
0.049285
0.886568
-0.204831
2.233709
4.357967
1.383484
3.145220
-1.697167
-1.082334
1.380974
-2.676025
1.455630
-0.674005
-1.458346
2.204381
5.084149
-2.950995
0.368710
4.602959
-1.992338
0.697963
-1.738069
0.081258
-3.585763
-3.506823
-4.314796
1.813707
-0.620344
4.346706
-2.778691
2.952114
2.323190
3.939536
-0.450056
0.783118
1.811006
-1.269133
-0.733454
-0.349246
-4.953001
-0.491056
1.586418
-0.333918
0.251418
1.068386
-1.235306
0.577448
2.705761
0.440903
0.759020
-1.309385
-0.357771
3.603628
-1.019214
0.838013
-3.127206
0.460337
-0.062334
-0.042419
0.661677
0.348710
-0.750817
-1.495013
2.599497
8.449936
4.262607
5.686822
2.680351
6.835297
0.081673
2.980691
3.337607
2.757249
3.229891
-4.320758
0.679750
-0.623682
2.285728
-1.199764
-2.707117
-1.923864
3.401703
-0.551477
3.749334
0.286051
2.613914
0.881943
-1.156019
1.999004
0.207419
0.684969
-2.035643
-0.399868
-1.767305
-1.039696
1.386095
-1.807392
-2.974971
2.959053
1.671994
-1.787577
-1.758972
3.743283
-1.433878
4.315278
1.399471
-3.069570
-2.144807
-3.987597
-2.126568
1.527689
6.114730
4.748720
6.507166
8.813740
12.992515
14.551743
12.485017
12.324250
10.302332
6.684987
3.726484
2.892348
-0.077725
0.363436
-0.489731
-4.063731
2.756671
-2.321923
1.140075
2.150361
1.877817
2.431410
-2.359805
0.416579
-0.787826
1.696028
0.619440
2.159357
-0.432232
-1.973464
-0.724865
-1.526113
-0.157463
0.560363
0.911019
-1.703929
-0.941941
-3.749466
-2.709280
1.106815
3.759106
0.481562
0.131113
4.481117
-1.906905
-1.327005
-0.537992
2.692383
2.521434
-0.100353
5.525219
0.255003
8.376902
5.722642
14.665865
22.938620
21.945158
29.073217
24.914870
22.251195
13.698238
10.789294
6.287675
4.457641
2.840014
2.350426
-0.402913
1.000708
0.445346
-2.332866
-1.411251
2.483722
-0.434924
1.409727
2.802803
0.973815
-3.970374
-5.120154
1.377561
-0.115005
-2.507830
0.165920
-2.184611
-0.725343
-0.469420
2.835949
-0.416933
0.418376
-2.045244
4.134755
-0.619019
1.954898
-1.825782
1.085972
0.715797
-0.805156
-5.161062
0.139143
1.870365
-1.800598
1.692722
1.030946
0.932600
6.760291
13.342830
22.255832
28.625481
33.966729
35.624832
35.821087
28.554451
24.791010
17.499417
7.401183
4.940481
1.005058
4.754033
0.394254
0.529712
1.224208
-3.865755
2.201174
-0.933895
-2.402917
-4.057373
-1.995660
0.711229
2.698937
-1.092480
0.100037
1.519854
1.167813
-1.131226
1.964966
0.792225
0.457903
-0.136285
-1.215112
0.167216
-3.363841
0.411809
0.809161
1.515958
-2.081324
-1.261358
2.278418
0.244150
2.516490
0.571861
2.466916
0.277803
0.091868
4.169181
2.557986
11.053048
11.185688
25.101389
33.433343
42.156967
41.968346
36.147451
34.280587
27.549760
16.050923
8.233857
5.708879
4.756918
1.945733
0.005287
0.520270
2.509121
2.785536
2.483630
2.796851
2.523124
2.520170
2.426095
-0.078735
0.581334
1.588767
1.412842
0.897673
1.529620
-1.530650
-1.256015
-1.077639
-1.352494
0.330997
1.406148
-1.201044
1.871863
-2.419439
1.110742
1.429313
-1.215130
1.501573
0.817484
2.707639
-2.973782
0.114042
0.980770
-2.708697
2.646060
-2.117634
4.303532
8.471344
15.082147
21.541946
25.266380
35.886038
39.404979
35.167910
34.043871
22.090079
12.552018
11.283350
4.446509
2.771508
0.024095
-1.556865
-2.265352
1.089128
0.532632
-2.994403
-2.770411
-0.447716
-0.516430
-0.116035
-0.204664
-0.702789
0.935288
1.659974
-1.954702
-0.452776
2.088590
-1.852187
-3.988196
1.718794
-1.939013
-1.373637
-3.212983
0.791410
-0.466331
3.193480
0.979603
0.572146
-0.971173
-0.166612
0.144176
-3.228796
3.838834
-1.109160
-0.886533
1.923117
2.927342
1.628446
4.620210
8.451020
17.616512
21.855864
23.345589
27.065094
26.108710
21.174967
11.708321
8.188100
5.776318
3.541210
1.895179
3.724978
2.249169
-0.075683
-4.615216
2.129625
-0.504920
-1.873774
-2.230038
-1.101460
-2.222847
-0.155486
-0.972352
-0.183829
-3.252514
-0.682175
0.903658
1.233066
0.603040
-2.600789
0.322033
4.325284
1.244570
0.687364
0.429687
-1.737676
-1.448729
0.932177
0.681479
-0.883840
-3.139549
-0.611222
1.926724
-1.059159
-2.091889
0.460057
-0.335335
-0.893193
2.950623
0.284769
6.005103
6.913369
8.568318
12.447177
11.130964
13.293095
9.210641
10.721021
3.624234
1.867606
4.071598
1.175493
2.042948
0.758551
2.043308
-0.076354
-0.349900
3.919013
0.261681
-0.656270
-2.333556
-3.805485
0.025539
1.381634
-1.780110
3.447525
-2.760646
-2.907123
1.447996
2.862748
-1.924254
2.958704
0.675350
0.295840
-0.815887
2.945056
-0.082517
1.845871
-0.732633
1.496421
-4.089547
3.345288
-2.946548
1.657484
1.002444
0.764648
-3.642117
-1.678710
-0.996170
0.985600
-0.634731
-0.789998
4.000824
6.045421
5.072922
2.502552
5.063099
4.274543
4.378615
3.505486
0.075686
1.012619
1.827224
2.111708
0.123712
4.320615
-2.496329
2.870248
-0.910380
1.405410
-0.383537
1.165731
1.518465
-2.989619
-2.432628
-0.499650
1.915963
1.088301
-1.405632
-2.742453
-2.164559
1.964779
-1.481503
-2.187833
0.042605
1.453959
-1.375094
2.887081
0.938183
-0.092989
1.687397
-0.606252
-2.104639
2.531086
-2.430338
-3.986918
1.893621
-0.133708
1.565763
3.996452
-0.063193
1.740302
2.231152
1.793791
0.442527
1.207421
-1.572049
1.700029
3.764513
-1.648542
1.839329
-0.912763
-0.415268
-1.686593
1.451023
4.216848
-0.140027
3.240485
1.981906
-2.393163
1.564649
0.874311
3.795915
-2.978296
2.525653
0.490662
-0.503135
3.196989
3.396192
-0.952626
3.020013
2.017755
1.737447
0.263238
0.306299
-0.544831
1.323128
-2.338676
1.724549
1.358879
-1.752770
-1.847954
1.238039
-2.920350
0.205874
0.365769
-0.832321
-0.929372
-0.325683
0.750225
-1.977158
0.785752
1.401909
-0.172051
1.581330
0.156364
3.734894
1.602416
-0.252449
-1.044311
-3.864677
2.049602
1.038117
-2.742419
0.071256
1.850860
-3.662769
0.487508
2.887788
-2.053096
0.344604
5.378314
1.677190
-3.755314
-0.737804
1.910724
-3.970274
-1.177659
0.595275
0.734132
-3.017968
-2.068923
2.356977
0.480267
-1.745071
1.158078
0.291831
-0.902160
-1.224899
3.696486
1.642540
-1.253256
-1.193196
-1.825030
2.552758
-2.538489
-1.933071
-0.546911
-1.412312
-1.746357
-1.608753
-1.510575
-0.158772
-3.062702
-1.573686
0.317105
1.703531
4.945958
-3.111111
-0.992952
0.723333
-1.775579
-0.065809
-2.423474
0.793807
1.615753
1.686667
0.664592
-1.932329
-4.155674
-1.905823
0.204485
1.808568
-3.462185
-0.830253
-1.627338
-0.171073
1.589174
-1.148238
2.391208
2.601531
0.456181
2.293408
0.777618
-3.020254
0.045371
4.461956
1.196307
-1.077067
-1.093549
-4.259893
1.545747
-1.572605
-0.396754
-2.399246
0.413662
1.259490
-0.824018
0.064297
-2.509051
3.166686
1.787670
-4.350683
1.008101
-0.637596
-0.847900
-1.220441
-1.212625
1.882918
-0.147002
4.449207
-0.548410
0.331092
3.641272
1.172618
2.747866
3.335987
0.564152
-0.531356
2.009461
2.458081
0.779183
2.415584
1.744681
-1.750274
-1.925242
0.361705
-1.597221
0.840197
2.756902
1.352231
0.527551
-3.268548
-3.784222
0.437484
0.133198
4.590522
1.325470
-1.586598
2.034707
2.353405
-2.207360
-1.438536
-3.030256
-0.370691
-1.043056
0.881618
-1.028989
2.055073
-2.994419
-0.181144
-0.823779
-2.195102
1.527209
-0.767350
0.356168
-1.252495
-1.389102
1.944126
1.129928
0.310246
-4.143078
-1.546365
-0.897782
0.669671
0.334853
1.990049
-1.275657
0.945538
0.953766
-0.854610
3.011984
1.686600
1.223426
-1.529120
2.233099
2.764705
3.285877
-0.194508
-0.466689
-2.876023
-0.501565
-0.513748
-4.417608
-2.197505
1.553637
2.006473
0.982864
-2.360623
-2.569493
-0.043014
0.364517
0.762005
-0.580873
0.331830
-0.656302
2.593331
1.330288
2.769330
-3.803481
0.308147
0.872461
3.660545
-2.628154
-0.074090
-2.086448
-0.930615
-0.282015
4.190968
1.144511
-0.169010
-1.643459
0.419522
0.423601
-0.487505
1.205172
1.403309
0.123120
1.341992
-0.754346
-1.878142
-1.942656
-0.313721
0.560856
0.469570
0.688829
4.336754
-1.598778
-0.785966
-3.589644
3.870717
-0.968284
1.849199
-2.643414
-3.637927
-3.371582
-2.066444
1.705914
-1.163265
-1.114186
-0.345483
0.448953
-2.736254
-1.096307
-0.921149
4.106348
-2.416357
0.144566
-1.494169
0.301846
0.405507
1.977697
-0.680373
-2.515411
1.467138
-1.030940
1.520665
1.944395
-0.574541
1.261274
0.311618
2.143042
0.224772
-2.017404
-2.172117
-3.395007
0.269216
-0.399004
1.335370
0.041759
-0.499960
-1.703329
0.195402
-4.033101
-1.365469
0.470414
-2.723632
-1.608130
-0.478454
-0.672426
1.839525
-3.673785
0.060878
2.020308
-1.728832
-1.423775
2.277393
-1.686216
0.093172
-1.583130
0.532619
-0.803230
2.119431
-0.400943
1.162911
0.828327
-1.317750
-1.739634
0.284213
-1.680205
-0.682595
-2.774516
-0.526301
-0.973456
2.510580
1.902397
1.680308
2.594284
0.123099
0.244212
-0.751894
-1.567186
-0.622784
-0.174944
2.857360
-2.973069
-0.657828
-2.910045
-2.659293
-0.768365
-0.471430
-1.351680
-3.003666
0.394090
2.820217
-2.388861
-0.843849
2.593626
1.144462
-2.878015
-4.717504
1.197518
1.437195
0.832718
4.035445
-0.550476
-2.816985
-0.945311
-2.022865
3.274422
3.249872
2.028711
2.831261
4.090761
-0.217019
-0.031634
1.455441
-0.541878
-1.954981
0.261815
-0.648052
-0.610014
-1.970188
1.027479
1.153714
-0.189946
2.874655
3.980417
-2.971147
-2.403050
-0.298170
-2.327740
1.114235
1.558971
-0.790606
4.276695
-1.380167
1.848974
-0.035143
0.107045
0.084976
3.904844
1.604755
0.019715
1.463959
-0.975305
1.470089
1.053248
1.590663
0.630739
-1.937461
-0.788961
0.542433
1.166884
-0.651720
1.300858
-1.994030
-2.016861
0.260812
2.728587
-2.401481
2.977546
1.200875
1.875745
-0.620332
-0.404144
-1.112756
-5.061647
0.607858
1.814009
2.777987
-0.495487
1.870989
-2.072814
-0.668301
1.067981
-2.983410
-0.238770
-1.097324
0.159893
-0.238482
-2.879056
0.726009
0.536999
0.155135
3.610158
-4.450596
-2.853102
-1.397605
2.168964
0.649129
0.684523
0.853635
0.545996
0.492696
-1.890659
-0.661488
1.340251
-2.722220
-0.821446
1.326111
-0.223618
3.047464
2.064834
2.401398
-0.855299
-2.668417
-2.296705
-2.213471
-0.873667
1.521456
-0.318849
3.796289
-0.845699
2.639655
0.401578
1.147403
1.493474
1.412146
1.445058
-1.963397
-2.044740
-0.907405
1.985796
4.039719
-1.039189
1.613326
-0.517077
-2.687767
-1.894494
-0.470161
-1.703604
2.134794
-3.929941
2.145261
-0.767224
2.523120
1.953433
0.439645
-1.767106
-1.555305
2.972371
0.455732
-0.738430
1.337144
1.110552
0.980127
0.877133
-0.386495
-0.649677
0.017915
2.040096
3.021273
-2.809537
1.714654
-0.521360
-0.656231
0.677333
-4.268784
1.188069
-0.091572
-3.695882
-0.979836
-1.375988
0.871855
3.568568
1.705136
0.377871
0.103732
1.044042
-2.328332
1.699447
-1.777001
2.146590
0.865116
-0.277943
-1.835068
-0.568119
1.212277
-1.711470
4.039225
2.178044
-1.728932
1.898492
-0.935859
0.623245
-1.557767
-2.234606
1.880426
1.330514
3.164022
4.083763
0.750752
-3.397725
0.130097
1.907303
-0.925696
1.636582
0.810074
0.291026
-0.594006
0.495155
-3.883718
0.991459
-3.042251
-2.005588
1.149230
2.369209
-1.695793
3.075396
-1.603934
-0.569720
-1.408085
1.313254
0.562032
-1.414238
1.892022
-3.099374
0.168101
-3.632041
0.720403
-2.911853
-0.547855
-3.465344
-2.245333
1.301466
-0.654675
-0.963520
-4.123258
-0.057078
0.619206
-0.329300
-2.238613
1.442223
1.314611
-2.362907
-0.505513
1.234437
-4.654634
-2.252590
4.533363
-0.520529
1.947919
-0.184233
-0.583003
-0.693643
-0.942401
-2.068841
4.803582
1.546960
3.110916
0.022397
1.101728
-3.756546
2.561723
-0.934942
-1.564232
1.541340
-0.468234
0.984312
-3.984876
-1.242549
2.508398
0.968951
2.658157
1.104993
0.071356
0.881779
3.935726
-0.243844
-1.238407
2.726666
3.276431
-1.691099
-1.189134
-1.292846
1.436839
-4.905379
-1.191476
-2.032408
-0.949627
-3.958045
0.626994
0.958072
-1.568375
-4.316006
1.332916
0.018167
-2.785368
-1.311783
2.266442
-2.268811
-0.630254
-0.648988
0.741977
3.294685
-0.620343
-2.405582
1.258084
1.487945
0.218641
0.413409
0.545027
-2.673598
-2.817576
0.310327
-3.309340
-0.706993
1.887284
-1.395586
-0.932632
2.671625
1.860503
0.753162
-2.995418
0.809509
1.038869
-1.022156
-3.133019
-0.902903
0.779264
2.911214
-1.921267
0.278793
3.260907
-0.282365
0.073313
0.226687
3.072734
-0.495577
-2.347324
0.299318
-2.581513
-0.287943
0.701096
-1.545638
0.062818
-0.428711
1.208988
0.234802
-2.038845
-0.182504
-0.566575
-1.581807
2.761734
-2.204443
-1.322857
-2.438300
1.441815
-0.943040
-2.565047
-1.799223
0.645230
-1.876255
-1.687275
0.170282
-0.980113
-2.652562
-0.030973
-0.036966
-0.336102
2.836336
2.377064
-0.727693
-0.876250
-0.183368
-2.688096
2.203764
-1.095290
-1.073778
-1.898078
1.962042
-0.947994
-0.093391
-0.162305
1.378166
-0.760986
0.822737
2.042826
4.518734
2.163999
1.776597
0.201697
-0.092606
-1.095400
-2.810093
-1.985597
0.233203
2.014816
2.257481
-1.586336
-1.643637
-1.008496
2.334166
-0.855153
-0.163402
0.795741
-1.673628
1.266185
-0.714827
0.445728
1.557697
1.201526
0.641011
-3.143846
-3.463798
0.853947
-2.080164
-3.617853
-0.617963
-3.683473
-1.678283
1.927043
2.050893
-0.554784
1.908748
-1.091632
1.971004
0.028975
1.275299
-0.756035
-2.637607
1.765245
1.383070
-0.242406
4.725844
-1.223315
1.783819
-1.237599
3.054723
-1.217340
1.529043
3.595933
2.181565
4.003059
1.583914
-1.390889
-0.154172
1.286156
-1.373503
-1.244573
2.225535
-1.877556
-1.463546
1.751982
-0.267410
1.259736
-5.000844
3.081233
-0.126085
0.541081
0.172427
0.316814
0.448323
-0.254286
-1.263759
-0.149015
-0.570098
-0.260551
1.473930
-0.628091
-0.340315
-2.510388
-3.566128
-3.285121
3.108399
-2.155725
1.006643
-0.307085
-0.034317
3.329781
-0.712547
-1.273707
-1.740842
2.189809
-2.999122
4.156134
2.935526
1.929819
-0.094030
-1.501796
1.693140
1.022006
3.556445
-3.287232
-1.206841
1.397842
1.522286
-1.551584
-0.807757
-3.353159
-2.070982
-2.312826
-1.668366
2.176956
-0.846706
1.646345
0.963528
-2.095504
3.929116
-1.951257
-1.703258
0.149992
-2.539810
3.470992
0.266322
-1.118471
4.702326
1.500562
1.497219
-4.942386
0.771957
-0.037322
1.757746
-3.506837
0.356353
0.723396
0.986989
3.359719
-0.132446
-1.004740
2.459139
0.877417
4.048451
0.276628
-0.740169
-3.352444
-0.254725
1.532549
2.771866
1.987320
-2.171580
-0.389333
0.503012
0.201336
-3.034852
-0.295658
1.395948
0.306265
-1.170551
0.310149
-0.635950
3.845075
4.188377
3.460795
3.218666
-1.175662
-0.806323
2.928261
0.166578
1.049394
0.658999
-0.526675
-0.297695
1.551729
0.838641
1.773686
0.292877
1.276526
-3.225456
-0.716221
0.041917
-0.739824
-1.110161
-1.068711
-1.887834
1.583000
-2.729811
-0.460773
1.493459
0.429924
-0.100786
1.789837
-0.617519
1.594902
0.261522
3.774622
0.328408
0.961800
1.985936
1.664532
-3.419568
0.875909
-0.072838
-0.545155
1.460018
0.438290
2.310253
0.095055
0.564892
1.089438
-1.354379
0.404873
-5.056158
-1.714682
2.162342
-2.865704
-2.825319
-1.044085
-0.145241
1.094392
-1.640728
0.946176
1.202165
2.494580
-0.643559
1.532023
-0.723435
-1.048002
0.341610
-3.527016
1.821039
-3.250623
2.676556
-1.396683
-1.530566
0.034798
-0.893999
-1.042043
-3.849886
1.443498
-0.614446
0.268446
-0.477208
2.039419
3.848855
-4.036041
1.672922
1.391077
1.003261
-1.508777
-2.276667
-1.608563
0.722156
2.769581
-1.019999
0.347669
-0.597048
-0.802418
0.965653
1.725372
-0.447569
3.861237
-2.967159
-0.255387
-1.440746
1.852204
3.222984
0.079961
0.320870
1.559301
-0.788763
-1.928598
0.183008
-0.190580
-1.041475
-2.925068
0.207230
3.424759
2.260410
2.743340
3.312485
-1.556684
0.375194
1.716633
-3.507450
-0.869547
-1.107232
-1.383417
-3.136082
1.301615
3.544286
3.451784
1.514731
2.138231
0.291963
-3.170220
-1.104632
0.053809
-2.771624
-0.344105
0.758107
-3.073480
0.867635
0.725685
-1.138562
-0.263302
0.651630
-0.772598
-0.784684
-0.630035
-0.702407
1.029014
-1.313585
-1.689765
0.022807
-0.987148
-1.416288
1.262398
-1.287873
2.721914
0.183661
3.252884
1.029877
1.262012
1.442900
-0.490179
1.209525
0.052594
-1.700115
-3.547029
0.477280
1.088559
-0.257049
-2.616494
2.975228
-0.951210
-1.618265
1.373253
-1.091561
0.627422
1.486471
3.128233
-1.583575
-0.943710
0.945638
0.976456
1.235554
-1.577486
2.879186
0.013227
5.126878
1.249988
0.160095
-0.938240
-2.548961
-0.066779
2.827612
-0.212693
1.908207
-1.664053
-2.468589
1.314338
1.925676
-4.143224
-0.669481
-0.413162
-1.219307
-1.863624
1.547408
3.085828
-0.783303
-2.490011
0.893307
0.852485
1.913368
-1.674597
3.941227
-0.032230
3.080665
-1.795734
-1.741198
-3.670935
-0.386713
-3.350081
-0.075451
-2.755381
-2.048454
-0.189125
-1.303949
2.078812
-0.961444
-0.002748
0.101099
-3.634893
0.883271
0.553228
-3.146161
-2.648243
-0.305472
-4.535041
2.404005
0.733798
-3.604649
0.775351
1.755968
-2.179063
-1.562510
3.015575
0.534449
1.045738
1.555591
-2.818058
-1.023605
1.257648
-0.948194
2.501682
-0.444284
-1.693623
-3.845466
-1.945249
-0.298497
0.296756
2.134277
-0.185998
0.283391
1.126060
1.180360
-1.793169
3.048670
0.668305
0.361923
-0.256882
0.230029
-0.783090
-0.478644
-0.144429
1.251005
0.282362
2.670155
0.883664
2.707380
-1.522958
-2.861213
0.214879
1.981136
0.680486
-3.915948
2.534877
-2.223911
3.207572
-0.102386
-3.243192
2.351410
-0.707096
0.691149
-0.015944
-5.446572
1.524896
-2.963802
-3.164471
-1.350504
-0.656014
-0.943410
2.843305
0.127259
-0.117515
1.359289
1.032968
-2.749371
1.587849
-0.380966
2.621190
-1.120950
-3.439335
-0.401307
-0.548948
0.128637
-1.072608
-1.958702
-4.862003
-0.637459
2.984916
0.294927
0.644413
1.077284
1.080712
1.737841
-5.354364
0.220939
-1.221002
-0.219218
-1.684643
3.449143
4.162135
-0.386135
-2.709167
4.439162
2.035994
-1.209064
1.559426
-2.155602
-0.318628
-0.163575
-0.435808
1.003964
-2.658362
2.481546
0.687345
-1.791296
2.199865
-4.238266
-0.443036
2.175587
-2.092773
-3.984673
0.435717
1.266258
-3.061048
1.611782
-0.597866
3.990911
0.992230
-1.333607
-0.047898
-1.645163
0.453092
-0.029575
0.784237
2.484065
-3.006921
-0.475045
-0.790994
0.101706
2.734513
0.853777
1.089839
1.681361
-1.544654
1.536872
-2.079772
1.254098
-0.155348
1.784342
-0.610615
-1.821945
0.822216
-0.168270
3.263825
0.131771
2.222048
-1.933897
2.313388
1.296475
3.553720
-4.330747
-1.020528
0.689003
0.268545
2.489821
1.531696
0.399903
3.312694
0.535789
-1.961459
0.229126
1.244143
-1.239740
0.752920
3.238009
1.605851
-3.170112
-0.706406
1.218541
2.767580
2.070557
2.188156
3.620394
-3.334692
-0.479255
-0.774336
-1.740295
-1.408795
2.670561
1.076221
1.326757
-2.198118
-0.162941
-4.103984
0.092863
-0.884247
-1.310011
1.145545
-1.388299
0.325578
2.803280
-1.343140
0.174230
2.232902
3.893140
2.266431
-2.200021
-0.284552
4.543368
-0.481135
-1.816513
-2.674021
5.142155
-1.087577
2.476461
-2.778941
-1.544500
1.047631
-0.027491
4.598527
-3.389515
-0.799712
0.694854
2.865527
-2.122642
-0.841231
3.159306
-3.622183
1.111655
-5.335018
2.294577
0.264246
3.765621
-0.317227
0.857885
1.663581
3.669046
1.134086
-0.466801
-4.265771
-2.822390
-0.085482
1.109151
-1.699818
0.007697
1.136524
-2.773967
-1.537667
1.066041
0.745122
1.626864
-3.263223
2.030749
1.185327
-0.370843
-0.191891
1.687375
3.004501
2.203555
-3.058157
-3.452160
-0.538591
-2.559719
0.121278
-2.072457
-4.276503
3.142294
-3.170209
3.276380
0.709675
-1.769920
0.096612
-0.693263
1.481584
0.777404
2.395667
2.098542
0.802119
2.693502
-0.991532
-0.225345
0.406389
2.111257
3.240691
0.780646
0.015342
1.075956
1.314200
2.517095
0.613268
-0.512408
5.341818
0.891629
0.193862
-0.856317
3.174398
-0.971598
-3.212323
-0.682775
1.541533
1.993693
1.465613
-2.575107
2.688392
-0.722268
2.084243
0.165413
-0.570357
1.461516
3.358856
-0.265155
-0.591012
-0.703916
1.611136
-0.670464
0.738145
1.586719
1.925613
-0.137794
-2.475450
-1.344509
-1.078801
-0.338131
-3.295353
-0.981985
-1.441155
3.202582
0.019927
-2.553139
-3.996319
0.011508
2.297817
1.144278
-0.477592
0.625957
1.643981
2.955912
3.122855
4.197977
-3.003869
2.092979
0.911336
1.810533
0.333480
-1.107369
0.603892
-1.310072
0.467692
3.392304
-1.606175
1.618147
0.474463
1.702995
-0.558352
3.903203
0.366388
-2.224186
0.869644
-0.221201
1.092891
0.561407
-0.616689
-2.572648
-1.824735
-1.086878
-1.424859
0.067512
5.397472
-0.482340
-1.529513
0.571081
-1.655763
-0.558437
2.050824
1.606836
0.938126
2.728683
1.390090
-0.687266
3.632985
0.585713
0.912022
3.940309
-0.851240
1.272272
-1.376409
-1.314883
0.824672
-1.964559
2.203123
0.492336
0.690181
-0.676689
1.861439
-0.231578
-0.794410
2.268606
0.780060
-1.991576
1.567253
0.538328
1.434057
0.748576
-0.425177
-2.229340
0.220193
-1.608178
-3.787668
2.615686
-0.789365
2.134790
0.245369
3.902907
0.100219
1.820310
-1.923008
-0.152723
-1.833542
2.680348
0.575082
2.097900
0.482007
-0.831409
-2.315361
-0.876729
-4.425404
-0.665236
-2.683872
2.345923
2.492814
1.526209
-0.643402
-4.905956
0.206665
0.097963
-0.951669
-2.309275
1.707249
-0.474768
0.491451
-0.936171
2.788873
-1.773639
-1.214554
0.733928
-1.052726
1.045360
1.458267
0.359017
-2.704763
-1.072629
4.186067
-2.915508
2.449282
-1.870010
2.825529
-1.109874
3.020028
-2.761262
0.670929
-3.505592
-0.996455
1.611935
0.296617
-0.249311
-1.838414
-3.930953
4.358225
-3.239826
3.873722
-1.908630
-0.982774
0.424221
0.461296
1.756106
