0
0
0
0
0
0
0
0
0
0
0
0
0
0
0
0
0
0
0
0
0
0
0
0
0
0
0
0
0
0
6.250129541688309
5.122345762626667
4.077576108966751
4.004895745229262
3.734576534721624
3.505346788068258
3.572813005113164
3.664534957954235
4.275586150487898
4.989949224725910
4.466742412472311
3.943535600218710
3.773374715426761
3.895105421841357
4.016836128255952
4.495721428962061
5.383920119580463
6.272118810198863
5.780980144748184
5.210233205084446
4.938172119282238
4.666111033480030
4.394049947677822
4.104534582993839
0
0
0
5.662489435082136
4.337167072830058
3.838298032072568
3.994063277984915
3.753939198040274
3.689908463161486
3.844634268923484
3.910029722957363
4.348976094711778
5.197514125037406
4.674307312783806
4.111971190956668
3.958014244419120
4.079744950833716
4.241983243247262
5.109826247548581
6.739762844155963
7.153400073611169
6.551076573471755
5.948753073332341
5.384022235837981
5.034514752807590
4.685007269777198
4.401748247296631
0
0
0
5.074849328475964
3.551988383033451
3.599019955178385
3.754785201090733
3.773301861358925
3.839229772254623
4.117927029641058
4.156305634802989
4.491259346310900
5.405079025348902
4.881872213095302
4.199493941053991
4.142653773411479
4.264384479826075
4.656797111803179
5.663095894754704
7.112333466365664
6.709683740816117
6.107360240676703
5.505036740537289
5.300993103562358
5.221644047773726
5.169594454981647
5.613962470567518
0
0
0
4.487209221869792
4.405777422827836
4.748148825932775
4.291777281576196
3.835405737219617
3.988551081347760
4.373329534233962
4.402581546648614
4.659206155872978
5.550261585591350
4.998683459440636
4.287016691151313
4.327293302403838
4.676917114846692
5.071610980359098
6.216365541960827
6.667564124539069
6.265967408021066
5.663643907881651
5.198647787426984
5.119298731638352
5.663598379958575
6.212134662246878
6.345995256931406
0
0
0
3.899569115263620
5.684319017468983
7.188354148577798
6.940520710782209
5.667334549623265
4.939427789231152
4.706926621050497
4.434775359260749
4.273073283805762
5.050549613606126
5.086206209537959
4.390202124981602
4.697037117890204
5.091730983402609
5.486424848915016
6.541858853367101
6.222794782712476
5.822251075226013
5.219927575086599
5.016953415502979
5.506183830740289
6.924646414540281
7.286985231718417
7.571069018980280
0
0
4.904803330662385
3.784868743897024
6.962860612110128
8.160864508867222
6.902862831701715
5.624135015145947
4.862512104019096
4.630010935838443
4.397509767657787
4.165008599477133
4.227024424119511
4.376389571593457
4.513740562106111
5.002362400209401
5.506544851958527
5.901238717470934
6.097089511540507
5.778025440885881
5.378534742430960
4.914608099367604
5.348769281521999
6.834959851947672
7.956197616064504
8.380769968418626
8.796142781029154
0
0
4.317163224056212
5.063410338538173
7.516969543718979
8.088541411479277
6.830134714575258
5.723897946865684
4.936926651079939
4.553095250626387
4.320594082445733
4.096728369618580
4.252536883348410
4.408345397078240
4.564153910808070
4.705663939225592
5.142647143921936
5.579630348618279
5.652320169713912
5.333256099059286
4.934818409635907
5.191354732303714
6.677545302729385
8.163735873155058
9.014075403215319
9.474554705118834
9.935034007022349
0
0
3.729523117450040
6.203493299897708
7.227773852623795
8.016218314091329
6.757406597448798
5.823660878585420
5.036689582799676
4.476179565414332
4.243678397233678
4.122240828847479
4.278049342577310
4.433857856307140
4.490980982061737
4.498973696251637
4.544378422518204
4.818765463955470
4.610299069775536
4.634854334323936
5.033940183085425
6.520130753511096
8.006321323936769
9.492511894362440
10.107860139915527
10.568339441819042
11.028818743722557
0
0
4.442501659607361
5.988635883642174
6.938578161528609
7.888520439415044
6.710395106090902
5.923423810305156
5.136452514519412
4.399263880202277
4.166762712021622
4.147753288076379
4.303561801806208
4.346518150515660
4.276781352902065
4.322186079168631
4.427132623718059
6.374469809654358
6.224944160119053
5.491524047676043
4.758103935233033
6.528997976090410
8.764077720875813
10.741165574712223
11.201644876615735
11.662124178519251
12.122603480422766
0
0
4.749497914660554
5.699440192546989
6.649382470433424
7.599324748319859
6.810158037810638
6.023186742024892
5.236215446239148
4.449244150453404
4.089847026809567
4.173265747305278
4.202055318969583
4.108657345587051
4.099993735819058
4.183496569028435
4.490420427456687
7.728232647335758
8.364542968725647
7.631122856282637
6.141250934227326
6.046138257419727
8.277705618862445
9.076382227884190
6.702571202204740
7.240476907361574
8.033132342929498
0
3.628917466647188
4.285440994803366
5.324294116572028
6.360186779338239
7.310129057224673
6.909920969530375
6.122949673744628
5.335978377958885
4.549007082173140
4.042969692804348
4.057592487423506
3.964194514040973
3.877801392469485
3.939860514338813
4.309218451206854
4.167657249049578
9.081995485017156
10.504141777332240
9.770721664889230
7.417758454905338
5.563278538749045
7.794845900191763
7.519288751478314
5.145477725798864
3.857797313426528
4.099682942520452
0
3.574479299140631
3.451299471582471
4.079306853742898
5.118159975511561
5.686058542082730
5.957953696818552
5.325492818714278
4.693031940610005
4.060571062505732
5.490548948856400
3.819731682494896
3.726333709112364
3.701013775386479
4.065582396517231
4.434940333385271
5.624226326920014
10.435758322698554
12.296673401940090
11.910320473495821
8.694265975583352
5.080418820078362
7.311986181521081
5.962195275072438
4.326739165062263
3.894024166547406
3.633535245080600
0
3.547100971886747
3.423059638836290
3.299018305785834
3.355021742592178
3.764510781071960
4.302632686672289
4.099340770795351
4.375255291535133
6.193578331364520
8.114287492567239
8.545211516009642
3.588532526989483
3.821946341827608
4.191304278695648
4.172057183970789
7.268753667728768
11.789521160379955
13.650436239621490
13.683734837466510
9.970773496261366
6.257812155056218
6.778912824346009
4.813597258739238
4.380882260224382
3.948167261709524
3.589481172511112
0
3.575882722994740
3.458218042528590
3.377642838303474
3.436844515303560
3.496046192303645
3.555247869303730
4.183312120988036
5.888791422843251
7.594270724698466
8.737619014523002
11.798404240824373
10.977538534614199
7.955281999310899
4.933025464007599
3.849294005563678
8.913281008537520
13.143283998061353
15.004199077302889
13.554234346045664
11.247281016939377
7.534319675734232
5.300455352416211
4.867740353901356
4.435025355386500
4.002310356871643
3.569595358356786
0
3.568864653413264
3.493376446220889
3.459465611014856
3.518667288014941
3.615152029866739
3.762420809485089
4.500690832157013
6.206170134012227
6.884106410350499
7.310961717713582
10.171013171775998
9.873957662220143
6.851701126916842
4.168383790595269
8.082766324269944
14.885341275738432
12.291502237020760
8.913897504815445
7.418466479745150
5.213163412134831
5.068438320864403
5.012089842526732
4.899652268726637
4.468703943940331
4.037755619154023
3.606807294367717
0
3.561846583831790
3.528534849913188
3.541288383726237
3.682683839263844
3.829952618882194
3.977221398500543
4.818069543325990
5.862710021738727
5.729112188947761
5.884304420904163
7.591552876456213
7.301667705218115
5.748120254522783
4.336187558284069
17.313728929141480
25.506540483900068
20.211145774318400
13.009108269466502
4.733990123839823
4.528459666217290
4.326974373531322
4.279309746747222
4.389889891151766
4.485550593721953
4.054602268935646
3.649082898848503
0
3.554828514250315
3.534238411669746
3.696542715994077
3.897484428279298
4.044753207897648
4.192021987515997
4.841313633126954
4.707715800335987
4.574117967545021
4.457647124094743
5.012092581136429
4.722207409898331
4.432322238660232
13.567150163155601
26.544691534013008
35.332826816467943
25.103481289792636
4.577573640482006
4.616746852574972
4.093504402332579
3.887973944710046
3.856553913157857
3.864168991638273
3.871784070118689
3.879399148599106
3.731472926323754
0
3.547810444668841
3.479349320155744
3.611568338735514
3.815777614741107
4.019986890746700
4.214764951632216
4.172614209790852
4.006187415922065
3.839760622053277
3.772684754637228
3.880233302377505
3.980239320564958
3.910870565974830
11.556990047620905
30.125501365509848
36.392496221639604
10.506211429062645
5.001668462728476
4.910130471035271
3.658549138447869
3.540012721517428
3.533059284570674
3.535715130341310
3.543330208821727
3.645245915312581
3.625716972992719
0
3.540792375087366
3.424460228641742
3.526593961476950
3.730803237482543
3.914321772787504
4.063640861587891
3.982791444076035
3.816364650207248
3.719914264444850
3.866815666270454
3.987860934179760
3.978989356180903
3.760727619257755
3.542465882334607
14.617729214993295
8.998428254553158
3.661255763028400
5.425763284974947
5.203514089495571
3.224177830944450
3.217224393997696
3.210270957050942
3.207261269044346
3.359649211918585
3.506006552930872
3.422813198214566
0
3.519123324532341
3.369571137127740
3.441619584218386
3.613878593942792
3.763197682743179
3.858292784654468
3.788567669212064
3.667143774252472
3.814045176078076
3.960946577903680
4.047108146386975
3.792922507863377
3.519775348452464
3.784870019331047
4.591482505775272
5.398094992219497
5.245380760554132
4.806996570746382
4.368612380938633
3.930228191130884
3.491844001323136
3.394288245958379
3.284305538332315
3.240561664508253
3.303102778152719
3.219909423436413
0
3.472689617106926
3.457610589118687
3.313435415098080
3.462754503898467
3.612073592698855
3.645930529983126
3.585973604271967
3.616673763454548
3.702314171736299
3.787954580018050
3.602756956950554
3.399276687175017
4.205889173619243
4.586744946061864
4.148360756254116
3.709976566446367
3.362513323666573
3.335948514528674
3.309383705390776
3.282818896252877
3.256254087114979
3.272878270863526
3.375759923066329
3.478641575269132
0
0
0
0
0
0
0
0
3.468709254568418
3.443809400620867
3.418909546673317
3.446897061384013
3.412591406037731
3.820295841463215
3.489724941761850
3.304173592236867
3.277608783098969
3.326026834545233
0
0
0
0
0
0
0
0
0
0
0
0
0
0
0
0
0
0
0
0
0
0
0
0
0
0
0
0
0
0
0
0
0
0
0
0
0
0