1.496648
1.883635
1.360148
1.362996
1.417456
1.934786
1.116502
1.116566
1.907136
1.062283
1.686881
1.622473
1.060749
1.023358
1.228757
1.676290
1.992472
1.181617
1.187995
1.387684
1.819530
1.348309
1.099619
1.696053
1.851794
1.833997
1.838038
1.453037
1.045210
1.480522
1.030737
1.013009
1.951816
1.600758
1.517759
1.949738
1.633937
1.013557
1.398410
1.352726
1.107804
1.967878
1.571035
1.928224
1.413236
1.316718
1.488423
1.143838
1.080070
1.217244
1.816979
1.129618
1.494187
1.349993
1.635296
1.197852
1.138516
1.545637
1.520030
1.881082
1.986534
1.316297
1.407254
1.122721
1.944314
1.249002
1.748330
1.262913
1.802063
1.567806
1.082557
1.596786
1.609816
1.785004
1.401450
1.768652
1.065117
1.865215
1.089813
1.737273
1.719665
1.678082
1.081699
1.818364
1.705236
1.608032
1.561398
1.763521
1.950079
1.066654
1.548172
1.686798
1.704651
1.720836
1.506135
1.172638
1.285808
1.710990
1.094616
1.265333
1.124411
1.191058
1.999719
1.905283
1.742381
1.383728
1.460761
1.367110
1.491104
1.310852
1.922568
1.047224
1.764279
1.454939
1.851013
1.991007
1.911955
1.937890
1.624220
1.203940
1.771073
1.156954
1.763949
1.063937
1.891643
1.738423
1.376527
1.757466
1.291277
1.124803
1.049403
1.555547
1.588224
1.293354
1.575941
1.261757
1.301574
1.200306
1.975634
1.858011
1.717379
1.983551
1.701513
1.433219
1.644753
1.818364
1.677995
1.667350
1.728727
1.328533
1.298856
1.707372
1.895428
1.665465
1.917764
1.413419
1.442931
1.753777
1.196530
1.996737
1.492810
1.930990
1.659457
1.930916
1.820064
1.231343
1.277182
1.029163
1.030132
1.971940
1.597843
1.423740
1.484180
1.005901
1.320247
1.818514
1.909370
1.227327
1.276456
1.491224
1.579465
1.301038
1.928437
1.943627
1.411948
1.373260
1.737162
1.702190
1.632973
1.193216
1.081772
1.726843
1.416106
1.378308
1.760904
1.129062
1.996299
1.712510
1.910042
1.326317
1.134400
1.881976
1.301407
1.240936
1.213640
1.435272
1.095891
1.826042
1.363899
1.299107
1.146926
1.409605
1.924779
1.685277
1.027792
1.268038
1.673972
1.710044
1.393923
1.319525
1.557389
1.072296
1.298041
1.914186
1.060110
1.232958
1.183444
1.480769
1.476256
1.004453
1.069854
1.810669
1.567994
1.151283
1.111276
1.225885
1.002782
1.968830
1.016247
1.446923
1.092068
1.162872
1.883903
1.924119
1.361440
1.493360
1.076549
1.838963
1.030100
1.063860
1.404008
1.457871
1.365248
1.818680
1.814942
1.413382
1.019858
1.521021
1.704383
1.201090
1.919372
1.576459
1.863474
1.299842
1.170291
1.093468
1.140094
1.091311
1.733923
1.366199
1.548279
1.956477
1.487883
1.555955
1.833872
1.530298
1.717734
1.278934
1.058828
1.595010
1.816998
1.538384
1.876229
1.991103
1.308531
1.845562
1.906027
1.409902
1.743284
1.589860
1.477885
1.714112
1.295742
1.847566
1.869153
1.239575
1.274654
1.120177
1.171844
1.426173
1.890594
1.035839
1.665949
1.616159
1.440089
1.410061
1.373185
1.938331
1.334672
1.743291
1.157354
1.995204
1.736709
1.412449
1.270415
1.290176
1.042758
1.123107
1.671247
1.214212
1.450124
1.569046
1.223303
1.330154
1.269548
1.337316
1.353515
1.478363
1.743737
1.440321
1.214553
1.518870
1.652294
1.749233
1.493460
1.231463
1.138729
1.543670
1.529291
1.747001
1.528263
1.258206
1.743888
1.232051
1.593400
1.437041
1.813373
1.079887
1.882560
1.835802
1.512196
1.018816
1.003005
1.369088
1.830723
1.108202
1.837173
1.833740
1.934952
1.121055
1.298639
1.231905
1.833866
1.421427
1.636005
1.033196
1.726538
1.112796
1.841592
1.795287
1.071245
1.330532
1.457945
1.908198
1.944671
1.199112
1.505414
1.180197
1.787027
1.887545
1.092968
1.172785
1.235334
1.766993
1.453566
1.971752
1.126017
1.454678
1.135121
1.773363
1.626024
1.710046
1.243409
1.815746
1.737263
1.281842
1.142549
1.590891
1.928172
1.540072
1.852757
1.160235
1.373128
1.612113
1.607822
1.522406
1.840655
1.989965
1.752605
1.957729
1.544945
1.881243
1.736819
1.934056
1.366878
1.197464
1.390706
1.781568
1.929599
1.090207
1.231817
1.726429
1.504392
1.453308
1.966010
1.515491
1.602131
1.274618
1.432171
1.735737
1.183660
1.927026
1.680632
1.814109
1.276628
1.448613
1.190969
1.009524
1.134805
1.751722
1.068804
1.071210
1.135872
1.860482
1.885869
1.199384
1.983437
1.531716
1.553016
1.563113
1.127360
1.240801
1.129615
1.951110
1.580142
1.700598
1.577156
1.142615
1.889301
1.080690
1.121400
1.669331
1.108539
1.623425
1.062881
1.319248
1.642111
1.764492
1.561721
1.092590
1.332953
1.210172
1.299511
1.829400
1.111642
1.566936
1.236443
1.425412
1.294539
1.346532
1.365062
1.121034
1.108470
1.273200
1.601155
1.686828
1.111488
1.021951
1.279737
1.498173
1.194768
1.200641
1.312519
1.099574
1.813775
1.795191
1.558076
1.168797
1.516693
1.913717
1.336905
1.957002
1.485298
1.564981
1.713959
1.806985
1.370097
1.582974
1.563187
1.894872
1.255907
1.202616
1.501434
1.765897
1.300087
1.367518
1.650260
1.686295
1.264466
1.148828
1.340969
1.594662
1.925104
1.890053
1.657245
1.019274
1.583053
1.531255
1.037379
1.852552
1.890724
1.875849
1.299116
1.668710
1.371208
1.850603
1.626508
1.025675
1.873193
1.737528
1.787918
1.686448
1.505251
1.698718
1.148629
1.143346
1.994487
1.193476
1.045659
1.090353
1.613001
1.218298
1.078966
1.294073
1.515821
1.232446
1.286865
1.781149
1.559863
1.161821
1.936259
1.123633
1.327736
1.194484
1.750989
1.164692
1.103047
1.612604
1.564696
1.573636
1.393811
1.030904
1.409845
1.915667
1.385693
1.073043
1.322892
1.972028
1.133895
1.517078
1.002906
1.883752
1.857483
1.775708
1.157317
1.751266
1.265015
1.952517
1.923851
1.224423
1.254943
1.919089
1.761842
1.240425
1.248421
1.250467
1.071736
1.773919
1.116782
1.706167
1.029990
1.411032
1.747121
1.687108
1.667898
1.717167
1.044704
1.370689
1.649887
1.489419
1.104385
1.212672
1.738404
1.494612
1.590712
1.851686
1.569302
1.496044
1.515472
1.509315
1.081927
1.943500
1.354434
1.072835
1.148405
1.815644
1.442628
1.408649
1.561425
1.440885
1.912410
1.108593
1.336887
1.813006
1.272422
1.423591
1.073482
1.462061
1.569865
1.117111
1.700558
1.080157
1.032759
1.500577
1.618126
1.479838
1.613686
1.487212
1.681401
1.073636
1.691779
1.223129
1.555942
1.505711
1.083235
1.819431
1.102903
1.753301
1.023426
1.526318
1.486764
1.540793
1.934211
1.557571
1.244966
1.145035
1.334556
1.945968
1.879779
1.343798
1.137723
1.136951
1.338636
1.232134
1.965785
1.369756
1.409086
1.253007
1.004989
1.448041
1.859449
1.214380
1.720602
1.035333
1.026468
1.121746
1.952323
1.500837
1.870619
1.470536
1.089074
1.065208
1.955935
1.053641
1.776342
1.497173
1.444582
1.669756
1.917915
1.191847
1.182283
1.321457
1.866383
1.603796
1.789525
1.359557
1.876087
1.331801
1.288433
1.640876
1.700575
1.594018
1.678020
1.297397
1.040883
1.603939
1.728354
1.854073
1.468498
1.527481
1.618656
1.569327
1.377623
1.537038
1.563323
1.482930
1.431126
1.291376
1.209675
1.302474
1.021515
1.686556
1.102356
1.220897
1.370156
1.670260
1.687697
1.196358
1.590392
1.026019
1.457262
1.962646
1.191681
1.612932
1.896451
1.680721
1.001759
1.819334
1.651202
1.695169
1.476180
1.600623
1.330757
1.609306
1.126781
1.823738
1.465194
1.277918
1.929788
1.943067
1.583481
1.265822
1.979223
1.018065
1.431401
1.591851
1.271045
1.362914
1.467438
1.813039
1.372380
1.039603
1.088671
1.270110
1.752846
1.992742
1.244738
1.529886
1.750267
1.723018
1.034899
1.871283
1.834175
1.491744
1.421296
1.371609
1.810793
1.562222
1.770685
1.632400
1.253912
1.038847
1.891322
1.436123
1.072086
1.475732
1.632275
1.432338
1.600372
1.014329
1.360756
1.821253
1.355241
1.943528
1.501472
1.783215
1.800583
1.404486
1.926383
1.790389
1.959575
1.054009
1.105738
1.844907
1.956096
1.774575
1.355994
1.694961
1.838077
1.692709
1.101455
1.421914
1.442187
1.971575
1.280467
1.171417
1.167032
1.413128
1.512064
1.454963
1.368703
1.379894
1.335212
1.046887
1.286615
1.660104
1.991526
1.151405
1.938252
1.152518
1.858612
1.378591
1.130325
1.604534
1.918702
1.033360
1.627364
1.967256
1.825442
1.907761
1.758095
1.433396
1.993504
1.101317
1.428655
1.409537
1.420781
1.915952
1.879063
1.539578
1.261163
1.911758
1.055859
1.421654
1.527733
1.501816
1.685788
1.629781
1.627406
1.539180
1.130008
1.409569
1.811293
1.147823
1.308752
1.905978
1.909309
1.072644
1.249121
1.263337
1.996779
1.487445
1.001302
1.990254
1.883684
1.578932
1.316332
1.158906
1.019588
1.395124
1.687618
1.526698
1.186811
1.816987
1.162184
1.205123
1.706368
1.550645
1.442610
1.415833
1.952064
1.690764
1.198017
1.120444
1.585538
1.722712
1.026094
1.148839
1.270047
1.325498
1.364125
1.369765
1.959776
1.066733
1.419258
1.407891
1.592983
1.832718
1.627577
1.145931
1.190557
1.007866
1.617660
1.064018
1.116571
1.926949
1.588664
1.141295
1.513109
1.823232
1.912644
1.836991
1.412074
1.832801
1.650054
1.423378
1.885414
1.733470
1.719996
1.094158
1.636619
1.893925
1.418693
1.902194
1.406161
1.652226
1.964575
1.946230
1.185704
1.194840
1.895304
1.605939
1.735153
1.064239
1.831711
1.769892
1.455083
1.706936
1.281651
1.688264
1.099336
1.898759
1.094426
1.395185
1.843292
1.790634
1.494843
1.261815
1.326616
1.050833
1.251828
1.432044
1.955383
1.418152
1.655136
1.199530
1.593528
1.097846
1.118352
1.993469
1.483822
1.622405
1.860232
1.183636
1.156173
1.908772
1.937201
1.550595
1.007875
1.540498
1.136217
1.762899
1.801208
1.763310
1.838350
1.973346
1.446057
1.613892
1.283155
1.578052
1.143454
1.616344
1.991644
1.698195
1.725784
1.308899
1.907632
1.051683
1.849976
1.167591
1.098619
1.041112
1.254716
1.812967
1.698309
1.647824
1.185363
1.086344
1.172805
1.651619
1.911775
1.241535
1.765087
1.732162
1.648069
1.227467
1.674696
1.138208
1.970257
1.849483
1.687898
1.062544
1.226437
1.337552
1.731610
1.487717
1.000352
1.582575
1.602154
1.099826
1.793608
1.998573
1.943603
1.096122
1.402310
1.891198
1.958997
1.709450
1.545909
1.123543
1.259779
1.391576
1.535927
1.415464
1.834486
1.948951
1.786626
1.254876
1.904061
1.301127
1.363454
1.371749
1.247354
1.908035
1.481236
1.089069
1.105425
1.973083
1.788664
1.364136
1.876243
1.695917
1.825073
1.665363
1.741051
1.596572
1.830657
1.380737
1.614379
1.248510
1.179199
1.372296
1.825296
1.731712
1.964711
1.765753
1.556270
1.922460
1.491804
1.927100
1.310027
1.539745
1.538783
1.915620
1.660446
1.372076
1.976181
1.292855
1.219697
1.805678
1.591461
1.867759
1.134851
1.105215
1.234117
1.715286
1.679564
1.121824
1.120870
1.121758
1.209386
1.629799
1.337923
1.021034
1.163873
1.234252
1.174259
1.596650
1.003764
1.310434
1.384548
1.195239
1.344295
1.786839
1.488360
1.106179
1.636869
1.266170
1.229095
1.022890
1.667880
1.942957
1.583228
1.205207
1.740158
1.039992
1.661279
1.075384
1.486912
1.273590
1.664505
1.110221
1.500073
1.559045
1.445478
1.103205
1.175758
1.295633
1.802042
1.116144
1.622837
1.624326
1.746253
1.049764
1.285665
1.260202
1.270657
1.390902
1.169853
1.730064
1.372723
1.591816
1.831212
1.629136
1.654464
1.896133
1.636019
1.669861
1.447505
1.133362
1.533990
1.662610
1.322138
1.127496
1.582264
1.060724
1.864028
1.717119
1.444653
1.796338
1.759157
1.453269
1.791278
1.383162
1.412693
1.973139
1.642786
1.541245
1.102538
1.022352
1.768259
1.056551
1.949159
1.689957
1.341900
1.495865
1.189150
1.064570
1.509852
1.632803
1.669873
1.147994
1.778130
1.760043
1.599433
1.561122
1.070553
1.579012
1.414027
1.392209
1.378911
1.799714
1.586433
1.489478
1.976804
1.368020
1.690400
1.424234
1.147996
1.278398
1.892261
1.108925
1.736621
1.104550
1.763798
1.778617
1.010809
1.260882
1.136322
1.107381
1.478269
1.860209
1.687054
1.991107
1.379272
1.751260
1.338433
1.411922
1.112988
1.207000
1.514167
1.351024
1.054423
1.464931
1.615719
1.795735
1.707491
1.605903
1.675101
1.035962
1.825698
1.085499
1.335402
1.208918
1.835515
1.637636
1.696936
1.133772
1.209453
1.669866
1.081469
1.606662
1.486670
1.559059
1.639733
1.920127
1.442353
1.851104
1.197974
1.350981
1.567206
1.347063
1.114080
1.486877
1.353459
1.879317
1.268802
1.755540
1.219807
1.423189
1.563502
1.821528
1.602827
1.881500
1.262132
1.530801
1.330316
1.929199
1.603508
1.752155
1.379748
1.992390
1.476417
1.158782
1.806189
1.283399
1.500892
1.327255
1.012874
1.302181
1.523614
1.383462
1.815252
1.996443
1.457539
1.954176
1.012428
1.050748
1.274295
1.803421
1.752962
1.341565
1.549455
1.835756
1.477626
1.768219
1.700763
1.651388
1.039047
1.573356
1.825265
1.251435
1.481690
1.393287
1.049099
1.503490
1.937819
1.176724
1.796497
1.834719
1.578611
1.914098
1.147122
1.939698
1.272749
1.609537
1.187111
1.857970
1.758242
1.468793
1.901373
1.290601
1.467496
1.099432
1.173278
1.961436
1.935049
1.898391
1.016356
1.820974
1.788211
1.804616
1.355090
1.500997
1.447727
1.300415
1.941130
1.742097
1.047558
1.499694
1.358968
1.749839
1.388899
1.960104
1.259741
1.617491
1.778374
1.014501
1.934584
1.792406
1.639820
1.746101
1.402849
1.209415
1.412221
1.304085
1.390703
1.266907
1.908533
1.442390
1.291984
1.594582
1.404990
1.384339
1.762188
1.009761
1.450560
1.644676
1.528339
1.379474
1.539833
1.396880
1.601546
1.003208
1.430133
1.972944
1.632837
1.108750
1.745942
1.432064
1.689514
1.139318
1.449862
1.401433
1.269414
1.336812
1.423573
1.416480
1.507822
1.485792
1.781254
1.410781
1.820173
1.896071
1.482461
1.175363
1.457717
1.651445
1.450473
1.964560
1.442334
1.019274
1.616965
1.283039
1.924289
1.943534
1.773650
1.318523
1.026001
1.675980
1.705219
1.579582
1.200565
1.977705
1.332515
1.248982
1.291939
1.284878
1.907138
1.530775
1.540473
1.629322
1.203386
1.392000
1.067266
1.580886
1.633758
1.375124
1.943905
1.406367
1.071333
1.372843
1.023504
1.859268
1.394814
1.644190
1.066108
1.084873
1.643426
1.685047
1.260571
1.148997
1.828198
1.296848
1.961391
1.102427
1.684779
1.728591
1.653816
1.208528
1.437903
1.609265
1.467602
1.915750
1.210225
1.940241
1.429613
1.262663
1.165764
1.378131
1.536926
1.950158
1.493368
1.711152
1.585979
1.692839
1.550356
1.802901
1.503740
1.356477
1.318701
1.726180
1.728074
1.460100
1.351877
1.882366
1.882811
1.249608
1.771483
1.672103
1.993858
1.987820
1.697739
1.518213
1.255245
1.417980
1.053854
1.742728
1.202654
1.846085
1.962816
1.936696
1.117352
1.053324
1.566136
1.299546
1.677665
1.621394
1.756993
1.309259
1.101093
1.988037
1.659538
1.239679
1.937155
1.681709
1.945947
1.809364
1.663664
1.988969
1.188364
1.748811
1.882928
1.134903
1.377932
1.901610
1.552815
1.253809
1.293924
1.427292
1.454048
1.854885
1.348697
1.012677
1.496351
1.615214
1.089871
1.953284
1.708039
1.306442
1.175934
1.772539
1.101415
1.854301
1.058870
1.561920
1.222748
1.137755
1.381047
1.674422
1.509498
1.957267
1.151761
1.660911
1.723052
1.824791
1.512870
1.388991
1.927718
1.826117
1.783280
1.514939
1.842613
1.731648
1.116870
1.621282
1.040438
1.909763
1.206163
1.903886
1.798830
1.412719
1.999509
1.368037
1.513554
1.026752
1.227532
1.592104
1.659040
1.146247
1.743500
1.536359
1.123332
1.071503
1.077345
1.594595
1.781221
1.305279
1.495075
1.774051
1.850767
1.290689
1.729078
1.375468
1.097224
1.531599
1.335252
1.040551
1.261992
1.520348
1.431587
1.644965
1.674809
1.308066
1.433005
1.556963
1.318923
1.477334
1.067073
1.718576
1.195757
1.337907
1.826218
1.094760
1.469149
1.896459
1.962673
1.208416
1.486294
1.942848
1.216458
1.025213
1.077795
1.564331
1.264204
1.954635
1.309946
1.027073
1.317025
1.407580
1.829758
1.289001
1.411931
1.797418
1.600278
1.271479
1.551392
1.960488
1.229670
1.890115
1.440330
1.427885
1.720093
1.686630
1.286096
1.954923
1.000279
1.656145
1.854358
1.148841
1.544515
1.348656
1.332242
1.902442
1.028906
1.750745
1.751503
1.058642
1.942095
1.422129
1.391158
1.341602
1.452432
1.859578
1.875408
1.912467
1.261860
1.510791
1.840599
1.713126
1.095038
1.518682
1.673588
1.899606
1.921119
1.888804
1.164259
1.900130
1.806005
1.154484
1.118405
1.303346
1.864178
1.649981
1.398528
1.882071
1.887626
1.230852
1.561797
1.387155
1.613090
1.076999
1.966495
1.522249
1.289196
1.365923
1.349178
1.529559
1.164566
1.649296
1.199702
1.623758
1.569045
1.587159
1.831040
1.403157
1.479433
1.908042
1.612395
1.928044
1.895538
1.955890
1.384333
1.183272
1.655184
1.067458
1.307728
1.848426
1.144553
1.964566
1.317092
1.448242
1.174491
1.314000
1.659623
1.480429
1.582532
1.355468
1.900459
1.355438
1.143554
1.643734
1.922930
1.088313
1.618274
1.296708
1.808623
1.594232
1.267319
1.297882
1.492080
1.151099
1.436167
1.682276
1.603073
1.949495
1.772131
1.688534
1.325925
1.760067
1.031703
1.540635
1.282508
1.197982
1.376734
1.809082
1.155075
1.451246
1.706784
1.983733
1.697149
1.960621
1.662019
1.426035
1.384935
1.850789
1.379058
1.139108
1.456766
1.074871
1.145776
1.431200
1.771480
1.748131
1.233210
1.866501
1.099408
1.223200
1.339274
1.622428
1.747676
1.798841
1.501773
1.409545
1.812614
1.630447
1.467417
1.299025
1.646404
1.514611
1.258041
1.568446
1.267022
1.381917
1.002511
1.058576
1.235493
1.291818
1.285015
1.319302
1.300663
1.291059
1.534846
1.705739
1.580424
1.079493
1.670808
1.978374
1.438674
1.408816
1.833234
1.161888
1.923521
1.282209
1.358869
1.033981
1.998794
1.971836
1.311537
1.520854
1.846769
1.285489
1.614784
1.805583
1.668476
1.174830
1.679129
1.987994
1.105605
1.807111
1.063249
1.359997
1.716371
1.569749
1.388835
1.172007
1.381608
1.597847
1.015638
1.247001
1.074954
1.412634
1.311526
1.794743
1.020464
1.613343
1.024598
1.790128
1.968530
1.039515
1.772615
1.247385
1.147291
1.604378
1.237102
1.267261
1.366376
1.089386
1.876116
1.243173
1.699640
1.743542
1.118312
1.981148
1.662004
1.400865
1.372812
1.459422
1.528516
1.936219
1.143118
1.239932
1.437454
1.486433
1.378810
1.339776
1.032724
1.946037
1.090524
1.127405
1.751119
1.774392
1.804808
1.386303
1.068843
1.709057
1.587879
1.070045
1.495019
1.422907
1.909776
1.583509
1.412160
1.976045
1.554604
1.141985
1.398722
1.499010
1.039987
1.351959
1.550339
1.392891
1.771236
1.841957
1.745349
1.338748
1.818237
1.004320
1.394835
1.282984
1.256422
1.233201
1.777936
1.112861
1.961396
1.679179
1.743906
1.231011
1.139782
1.037007
1.534784
1.413306
1.658814
1.153212
1.734967
1.815209
1.498217
1.177052
1.188820
1.340325
1.731705
1.825678
1.702480
1.164963
1.031663
1.478401
1.681802
1.580611
1.849176
1.987334
1.778354
1.473264
1.672155
1.237431
1.778159
1.688244
1.972733
1.954688
1.274899
1.827365
1.221648
1.684350
1.567741
1.187083
1.562614
1.965601
1.650625
1.972553
1.034713
1.194019
1.089081
1.930730
1.978460
1.489786
1.376616
1.709141
1.150180
1.149371
1.210672
1.806941
1.753510
1.187020
1.944492
1.641674
1.281336
1.932335
1.245571
1.999375
1.437230
1.267626
1.196937
1.309941
1.172348
1.492499
1.487817
1.343947
1.474694
1.972070
1.794409
1.262458
1.552180
1.650299
1.014666
1.414050
1.796972
1.458406
1.376872
1.312751
1.988320
1.287105
1.811964
1.053508
1.676387
1.711655
1.952819
1.075506
1.552112
1.501209
1.745037
1.614583
1.856794
1.536330
1.644340
1.195616
1.086649
1.480779
1.317485
1.091880
1.505550
1.671798
1.350305
1.035446
1.270907
1.076501
1.879734
1.507887
1.368007
1.699169
1.314605
1.917901
1.298849
1.523074
1.425216
1.743327
1.377133
1.450774
1.843785
1.374622
1.048897
1.173986
1.871960
1.228867
1.541235
1.702399
1.709798
1.127635
1.015167
1.215223
1.198716
1.248662
1.515817
1.142308
1.252298
1.245860
1.741161
1.626058
1.819658
1.095888
1.885615
1.857116
1.633011
1.859909
1.400459
1.672078
1.776326
1.850031
1.750704
1.760444
1.126137
1.756334
1.471167
1.670265
1.417799
1.600567
1.728283
1.188812
1.057967
1.536356
1.147499
1.704795
1.177929
1.798369
1.117202
1.224110
1.927083
1.781977
1.669286
1.919313
1.872642
1.265719
1.537148
1.060753
1.621432
1.455192
1.189062
1.938386
1.695375
1.095952
1.658492
1.933064
1.872587
1.920090
1.564415
1.389943
1.024360
1.304203
1.442457
1.449941
1.309930
1.561379
1.587764
1.935206
1.661190
1.848415
1.325577
1.499233
1.069683
1.245709
1.412613
1.654223
1.383788
1.512947
1.581913
1.602852
1.187892
1.920324
1.254623
1.251798
1.815830
1.071062
1.473908
1.459374
1.700984
1.095300
1.079785
1.778016
1.803282
1.765512
1.026287
1.428274
1.081031
1.801268
1.677954
1.977770
1.401929
1.099787
1.865415
1.284560
1.841952
1.589280
1.976097
1.289166
1.197925
1.446341
1.178694
1.185212
1.701024
1.802450
1.929787
1.153117
1.688882
1.797873
1.240627
1.838465
1.347593
1.226797
1.808742
1.996894
1.378737
1.695245
1.432524
1.654384
1.683411
1.529737
1.787680
1.836915
1.117818
1.871592
1.882966
1.238019
1.816001
1.018397
1.710732
1.838558
1.487160
1.225826
1.260218
1.925566
1.079463
1.550231
1.738535
1.962251
1.830066
1.678792
1.441479
1.104716
1.876141
1.185480
1.557155
1.696557
1.779995
1.970542
1.859788
1.076527
1.110261
1.970338
1.621383
1.734676
1.769226
1.549628
1.147034
1.556632
1.570145
1.943289
1.926543
1.859124
1.487108
1.976353
1.968121
1.262282
1.323338
1.604121
1.606505
1.375175
1.287043
1.521591
1.217329
1.892986
1.284991
1.982149
1.714754
1.097624
1.944974
1.613791
1.889811
1.690109
1.904413
1.384094
1.069420
1.190500
1.116570
1.972408
1.914080
1.539711
1.774430
1.645045
1.809044
1.841691
1.078565
1.575457
1.959357
1.048977
1.364391
1.867612
1.661248
1.861532
1.148584
1.898253
1.584114
1.928964
1.092299
1.762674
1.170431
1.714860
1.119429
1.696320
1.537542
1.816432
1.277766
1.459812
1.091856
1.522793
1.766920
1.609341
1.843877
1.130835
1.087602
1.065516
1.564129
1.438428
1.719109
1.181715
1.770309
1.822394
1.935198
1.005049
1.907879
1.578982
1.899569
1.840834
1.416637
1.022922
1.925914
1.962150
1.248029
1.210324
1.342344
1.620180
1.976637
1.279270
1.153653
1.024518
1.698753
1.388910
1.270311
1.322487
1.390454
1.904969
1.550605
1.983872
1.584434
1.589007
1.614656
1.625657
1.891825
1.289937
1.724500
1.560621
1.924414
1.012427
1.956188
1.673425
1.304969
1.610060
1.733830
1.883911
1.844494
1.075595
1.931921
1.964984
1.742138
1.079465
1.833675
1.517414
1.938914
1.716669
1.461366
1.230467
1.371715
1.136073
1.522144
1.066648
1.017774
1.394879
1.327307
1.963091
1.347890
1.764684
1.036948
1.946132
1.784011
1.430579
1.311286
1.597675
1.554604
1.306033
1.059665
1.892238
1.987808
1.284701
1.791211
1.290300
1.833095
1.818897
1.947988
1.933355
1.152941
1.572213
1.970931
1.128220
1.216423
1.370872
1.816280
1.588767
1.542901
1.441968
1.611328
1.003169
1.170019
1.622706
1.842048
1.698592
1.153376
1.149081
1.463589
1.132999
1.191965
1.137375
1.547995
1.803768
1.703478
1.251327
1.200548
1.650429
1.562827
1.104707
1.050687
1.879755
1.473079
1.611213
1.386281
1.711838
1.407118
1.366594
1.049545
1.717404
1.109137
1.900082
1.584035
1.874384
1.086153
1.276855
1.424985
1.600317
1.392310
1.241334
1.554755
1.119480
1.773204
1.277384
1.814216
1.069525
1.307797
1.186446
1.481858
1.013133
1.119391
1.001588
1.013717
1.559641
1.748417
1.547597
1.365215
1.142325
1.621333
1.352646
1.360835
1.561361
1.035109
1.985778
1.033988
1.655419
1.468990
1.098007
1.846549
1.295448
1.022130
1.717284
1.812005
1.144704
1.541646
1.698413
1.754908
1.027083
1.759222
1.106556
1.200487
1.666465
1.072510
1.901826
1.905703
1.102500
1.936545
1.595483
1.514395
1.707720
1.229918
1.307488
1.350148
1.291505
1.811605
1.200081
1.725382
1.365717
1.983314
1.458102
1.215164
1.736108
1.275685
1.877764
1.454177
1.739556
1.856418
1.344833
1.248500
1.703635
1.410266
1.217124
1.374481
1.654211
1.030667
1.136333
1.126781
1.049395
1.949218
1.177496
1.996058
1.739839
1.392079
1.219849
1.407783
1.482972
1.386929
1.163445
1.088997
1.822467
1.831240
1.522013
1.540387
1.617705
1.461176
1.164840
1.610057
1.259964
1.552357
1.214676
1.467571
1.694618
1.511400
1.236728
1.576590
1.485285
1.949641
1.404848
1.750013
1.178925
1.326015
1.967822
1.984321
1.750555
1.953635
1.619115
1.277460
1.508557
1.635019
1.187492
1.055939
1.971648
1.343958
1.444769
1.210899
1.679390
1.739604
1.115224
1.778860
1.605467
1.066861
1.404122
1.649855
1.971322
1.505862
1.415219
1.646179
1.963742
1.363030
1.529083
1.942270
1.836040
1.310504
1.049949
1.866777
1.818817
1.370899
1.798380
1.176356
1.906544
1.515370
1.303697
1.178378
1.687941
1.935516
1.861632
1.018690
1.058940
1.735953
1.643246
1.306419
1.997016
1.456879
1.525185
1.380860
1.536598
1.118724
1.119854
1.639544
1.517132
1.726855
1.559897
1.545080
1.427868
1.745248
1.054716
1.391799
1.539433
1.978480
1.110261
1.446364
1.172769
1.120342
1.143073
1.173622
1.284690
1.839366
1.107511
1.784596
1.759393
1.576713
1.817049
1.530118
1.154153
1.934734
1.644603
1.470617
1.700872
1.297116
1.470422
1.935512
1.550314
1.559563
1.714394
1.912489
1.391612
1.487963
1.217364
1.317144
1.101598
1.285656
1.888043
1.414585
1.632852
1.456199
1.079331
1.291011
1.498418
1.141758
1.694708
1.791085
1.254007
1.914960
1.990425
1.244329
1.614548
1.285606
1.648870
1.059568
1.831874
1.755383
1.535628
1.000561
1.999127
1.380697
1.476440
1.808917
1.881906
1.888405
1.663696
1.606876
1.304261
1.828715
1.140727
1.313002
1.687922
1.072448
1.994556
1.443289
1.903050
1.084432
1.009757
1.964305
1.720392
1.365380
1.639590
1.820511
1.204192
1.652889
1.544868
1.333339
1.610758
1.627356
1.346166
1.735174
1.576820
1.705559
1.721546
1.352412
1.358703
1.292262
1.143926
1.690111
1.165120
1.293818
1.021424
1.237233
1.076076
1.518051
1.516809
1.950567
1.325913
1.147123
1.527576
1.800146
1.671898
1.818273
1.892658
1.119122
1.166565
1.406656
1.997083
1.888270
1.013006
1.361628
1.178119
1.526966
1.889644
1.158868
1.057006
1.955190
1.632544
1.566297
1.635895
1.698208
1.399035
1.628695
1.030909
1.367557
1.030641
1.066511
1.910387
1.656428
1.128791
1.337228
1.781668
1.811863
1.204694
1.961308
1.314924
1.353721
1.891224
1.213239
1.124724
1.635095
1.735151
1.046361
1.073359
1.190722
1.029803
1.752017
1.614590
1.192356
1.735055
1.371441
1.437491
1.349828
1.832155
1.645386
1.243385
1.651565
1.514715
1.708588
1.831679
1.448675
1.186040
1.036266
1.231382
1.114531
1.330748
1.073273
1.480303
1.256301
1.096969
1.049617
1.291306
1.632563
1.243448
1.877859
1.806903
1.592499
1.396927
1.475415
1.495180
1.291209
1.622326
1.666767
1.514823
1.428556
1.230974
1.344899
1.931827
1.137919
1.103878
1.947302
1.256876
1.302888
1.485380
1.190695
1.191974
1.320269
1.070394
1.239533
1.735138
1.547187
1.034928
1.965298
1.533952
1.575337
1.157150
1.630622
1.098227
1.830971
1.938327
1.592342
1.347407
1.602304
1.421530
1.662272
1.230026
1.984802
1.116650
1.663243
1.779735
1.525241
1.517266
1.677809
1.181092
1.467138
1.363793
1.900102
1.646975
1.022613
1.073248
1.669878
1.008442
1.362289
1.938342
1.082172
1.627748
1.855933
1.064978
1.953699
1.925386
1.174888
1.443492
1.439334
1.023107
1.800470
1.331598
1.575543
1.783682
1.589860
1.394532
1.001355
1.826149
1.389222
1.812291
1.068658
1.688026
1.658936
1.749580
1.874143
1.830817
1.350317
1.625232
1.140653
1.236492
1.282924
1.082835
1.081924
1.735477
1.073730
1.564029
1.512486
1.828209
1.142919
1.095771
1.664441
1.510828
1.762686
1.317405
1.243617
1.666250
1.283311
1.478900
1.250697
1.926526
1.429359
1.671997
1.345350
1.038018
1.957564
1.026561
1.213871
1.856990
1.578412
1.203414
1.377309
1.477562
1.506714
1.083752
1.889720
1.115223
1.792732
1.013191
1.448592
1.905963
1.574956
1.928811
1.357346
1.526815
1.479770
1.073394
1.060965
1.400276
1.345029
1.424985
1.006203
1.995152
1.701884
1.231561
1.613190
1.636422
1.451443
1.773048
1.207267
1.369065
1.845056
1.224713
1.068744
1.486688
1.223148
1.075208
1.510531
1.660994
1.117619
1.506965
1.927854
1.140675
1.108254
1.034674
1.252079
1.090290
1.878323
1.788558
1.711476
1.016964
1.871198
1.994698
1.457578
1.958223
1.437923
1.744752
1.060859
1.516110
1.879946
1.222735
1.624740
1.461349
1.044055
1.170866
1.593174
1.652204
1.769345
1.379316
1.827744
1.794053
1.304939
1.991375
1.189058
1.684254
1.605702
1.638339
1.132399
1.437839
1.110924
1.110160
1.335250
1.587338
1.188789
1.863752
1.117168
1.793499
1.396734
1.565108
1.778638
1.979348
1.808064
1.261357
1.426080
1.712116
1.871074
1.010844
1.662410
1.609007
1.270327
1.188348
1.229475
1.120183
1.301620
1.684962
1.347830
1.017193
1.445884
1.225963
1.376701
1.122000
1.791960
1.285788
1.196008
1.964951
1.870249
1.144330
1.821248
1.193405
1.605190
1.245096
1.485458
1.779168
1.609545
1.050592
1.754485
1.888432
1.722439
1.691931
1.335631
1.873341
1.763022
1.908826
1.285108
1.928186
1.461329
1.274774
1.724733
1.459696
1.056462
1.544658
1.902201
1.987082
1.177739
1.457981
1.526495
1.996414
1.122668
1.904259
1.257285
1.578617
1.119965
1.558710
1.513767
1.227402
1.211919
1.544048
1.597950
1.327944
1.006251
1.087783
1.788883
1.768603
1.013992
1.613670
1.867623
1.986740
1.507677
1.104455
1.038480
1.215890
1.059746
1.766872
1.531486
1.507252
1.912458
1.964223
1.718026
1.731521
1.043034
1.605649
1.155564
1.024904
1.731755
1.826019
1.096874
1.394983
1.050907
1.199189
1.126741
1.020332
1.118321
1.535638
1.459433
1.049403
1.922373
1.973310
1.314936
1.190252
1.598874
1.863897
1.275626
1.957553
1.023158
1.070891
1.698597
1.808922
1.154039
1.453704
1.482513
1.410475
1.068124
1.922684
1.921389
1.636876
1.759183
1.835301
1.807645
1.869232
1.513412
1.446222
1.217654
1.772840
1.782033
1.665573
1.282060
1.325223
1.309498
1.384832
1.858155
1.743117
1.699458
1.138446
1.171102
1.637910
1.251064
1.384642
1.476337
1.439771
1.480188
1.901735
1.107256
1.228401
1.256373
1.073391
1.570939
1.367823
1.644751
1.791679
1.513353
1.238168
1.580732
1.112932
1.038695
1.679409
1.451129
1.052212
1.605131
1.014605
1.437817
1.595682
1.369955
1.541037
1.296374
1.566110
1.830478
1.341909
1.135578
1.020917
1.931372
1.957478
1.306931
1.644970
1.910326
1.036211
1.238578
1.392320
1.363094
1.629577
1.494877
1.083990
1.007809
1.159017
1.654505
1.668777
1.788139
1.881681
1.810249
1.271820
1.027805
1.774412
1.770562
1.503874
1.608073
1.134481
1.168413
1.689690
1.848246
1.481949
1.306902
1.531374
1.350607
1.668201
1.250208
1.334255
1.860248
1.647219
1.897768
1.862238
1.501246
1.743489
1.523461
1.056023
1.352073
1.536525
1.464943
1.706604
1.778005
1.026954
1.423384
1.080044
1.612675
1.533258
1.564541
1.306273
1.689941
1.199261
1.153976
1.725925
1.105412
1.245126
1.302656
1.984882
1.422123
1.556012
1.341977
1.641706
1.041926
1.499914
1.287046
1.709795
1.040665
1.768788
1.471550
1.569803
1.301837
1.245595
1.283611
1.256753
1.795276
1.600988
1.321284
1.509692
1.405348
1.099091
1.981401
1.097090
1.668628
1.529884
1.376072
1.336377
1.892137
1.785327
1.705177
1.644706
1.669549
1.614225
1.753279
1.480464
1.973149
1.101888
1.614827
1.984262
1.227698
1.843257
1.369199
1.589282
1.470663
1.634366
1.773674
1.682328
1.623166
1.087987
1.460615
1.123658
1.802047
1.443218
1.948002
1.694936
1.411734
1.065247
1.714627
1.041791
1.956306
1.742083
1.357141
1.977382
1.553061
1.991987
1.382907
1.803242
1.170234
1.312358
1.298333
1.633887
1.081506
1.115932
1.034895
1.656646
1.597548
1.590131
1.504356
1.131097
1.701662
1.377889
1.187820
1.873734
1.648442
1.082143
1.591648
1.463151
1.821573
1.282143
1.790146
1.044132
1.137959
1.559881
1.085833
1.476754
1.996044
1.124332
1.114918
1.187156
1.533768
1.881063
1.184152
1.405400
1.091793
1.559948
1.171318
1.712296
1.484942
1.315849
1.061960
1.793924
1.217676
1.324697
1.036022
1.924820
1.309047
1.246614
1.358712
1.088732
1.755059
1.695375
1.849387
1.837515
1.168962
1.262999
1.869450
1.678880
1.660543
1.871571
1.602901
1.353126
1.849176
1.842768
1.055037
1.512455
1.197467
1.660743
1.552840
1.812276
1.446600
1.042066
1.283265
1.963933
1.447405
1.799558
1.292408
1.887043
1.590849
1.304729
1.458192
1.700252
1.415820
1.086474
1.082682
1.659908
1.657369
1.505235
1.983891
1.098197
1.592222
1.477089
1.443293
1.823706
1.056571
1.459655
1.054737
1.477543
1.547039
1.677418
1.067381
1.131145
1.801055
1.337083
1.200931
1.760361
1.234068
1.223521
1.091957
1.097489
1.313747
1.809419
1.706725
1.492916
1.749292
1.608641
1.034831
1.980757
1.339881
1.491566
1.736346
1.975572
1.300181
1.985827
1.729676
1.569065
1.487764
1.412578
1.805256
1.884660
1.811263
1.687974
1.964626
1.521132
1.874760
1.469598
1.360422
1.879763
1.843397
1.072282
1.357145
1.898323
1.776742
1.024919
1.477613
1.721245
1.888933
1.583722
1.390541
1.786611
1.338361
1.629835
1.977387
1.000738
1.669288
1.379572
1.726592
1.172852
1.305591
1.637403
1.071700
1.227996
1.353266
1.269707
1.446239
1.951240
1.107981
1.629234
1.359707
1.659631
1.626472
1.648161
1.415553
1.165012
1.135803
1.944647
1.532068
1.676577
1.035030
1.751419
1.888786
1.125362
1.391094
1.841567
1.240171
1.763336
1.277603
1.301031
1.408315
1.945864
1.704543
1.315380
1.850372
1.347742
1.068356
1.834418
1.248786
1.420515
1.734430
1.320039
1.907340
1.605193
1.666495
1.149166
1.135558
1.993992
1.025240
1.042841
1.700724
1.662527
1.931979
1.289480
1.722301
1.351112
1.275297
1.307474
1.855862
1.366506
1.283195
1.496807
1.385226
1.626304
1.312820
1.814185
1.552394
1.460248
1.100073
1.273033
1.931118
1.221175
1.928564
1.934246
1.988385
1.535072
1.103671
1.576720
1.296675
1.388417
1.196003
1.109464
1.426148
1.385755
1.950168
1.177172
1.767800
1.296031
1.296458
1.010970
1.964181
1.072800
1.200828
1.224728
1.154815
1.225412
1.868355
1.929567
1.275711
1.521378
1.175523
1.059167
1.389738
1.157165
1.996785
1.595020
1.133059
1.402117
1.406306
1.732042
1.156536
1.077319
1.408892
1.647135
1.888723
1.074967
1.485311
1.604170
1.607322
1.363677
1.789821
1.416741
1.682757
1.791212
1.421753
1.245922
1.560352
1.436443
1.592585
1.402922
1.080694
1.215308
1.436277
1.360218
1.991671
1.264106
1.616969
1.825636
1.484481
1.761335
1.769179
1.809270
1.607240
1.574221
1.106014
1.096324
1.382292
1.686410
1.750339
1.361372
1.726873
1.131581
1.941786
1.873917
1.176011
1.553969
1.602402
1.719889
1.550846
1.063229
1.399741
1.486563
1.505005
1.932250
1.681928
1.505733
1.384834
1.199557
1.147414
1.866147
1.868930
1.437218
1.801677
1.450086
1.971474
1.093383
1.780147
1.380861
1.171542
1.265029
1.531133
1.728989
1.580646
1.098360
1.742372
1.654264
1.600870
1.245018
1.829960
1.451839
1.323005
1.584967
1.467370
1.011976
1.841577
1.549129
1.188790
1.670242
1.235890
1.373531
1.628517
1.522303
1.811804
1.954551
1.927927
1.148115
1.343309
1.102435
1.774803
1.343532
1.169260
1.555330
1.434862
1.275354
1.422857
1.843783
1.448162
1.260305
1.041322
1.139608
1.401835
1.864509
1.106146
1.356931
1.436996
1.393314
1.543132
1.553989
1.231537
1.907334
1.474431
1.134247
1.222831
1.649889
1.514866
1.367756
1.039270
1.391514
1.822693
1.647771
1.475671
1.729718
1.956135
1.633775
1.225311
1.695144
1.764326
1.494878
1.755921
1.840998
1.595132
1.366093
1.202463
1.461953
1.378096
1.382848
1.207168
1.337413
1.512024
1.390452
1.817065
1.930593
1.227269
1.081524
1.361768
1.676643
1.787693
1.654905
1.000049
1.497514
1.491520
1.746724
1.430688
1.365373
1.951164
1.481347
1.874026
1.432566
1.086533
1.372809
1.327352
1.896955
1.284083
1.769635
1.602014
1.506364
1.326915
1.566418
1.739932
1.905580
1.374764
1.714235
1.822561
1.673677
1.661419
1.148742
1.824621
1.022632
1.730124
1.602689
1.920719
1.190972
1.803245
1.272453
1.238807
1.970622
1.230926
1.094140
1.184276
1.568121
1.323807
1.231660
1.256605
1.152093
1.605027
1.395458
1.765563
1.687342
1.903492
1.587108
1.723353
1.457898
1.790886
1.743792
1.800153
1.127838
1.710208
1.381138
1.733959
1.879153
1.623359
1.039351
1.822031
1.644354
1.091508
1.053661
1.283927
1.389128
1.606953
1.111451
1.823585
1.708801
1.814249
1.381427
1.216465
1.712262
1.766916
1.439070
1.024058
1.150830
1.770299
1.213949
1.568038
1.345599
1.799098
1.130260
1.680790
1.886622
1.479330
1.038782
1.966678
1.542434
1.301426
1.135327
1.740522
1.432645
1.077284
1.186814
1.469187
1.464760
1.265269
1.718789
1.093399
1.883788
1.467942
1.327133
1.940388
1.377430
1.557732
1.536845
1.015254
1.253605
1.921730
1.424632
1.767860
1.550827
1.495918
1.299268
1.041352
1.546942
1.631557
1.594513
1.134983
1.883933
1.534920
1.831680
1.951251
1.929048
1.624341
1.894242
1.033598
1.760825
1.240432
1.626893
1.446793
1.992489
1.490472
1.118324
1.705407
1.534634
1.912247
1.332878
1.444262
1.067887
1.282133
1.356303
1.395215
1.615529
1.615624
1.578040
1.343837
1.000998
1.792287
1.990711
1.228399
1.521648
1.649314
1.578896
1.149706
1.227434
1.686498
1.145260
1.259870
1.717780
1.052816
1.044888
1.404062
1.230722
1.998224
1.779289
1.832620
1.275653
1.758830
1.502810
1.622390
1.924378
1.718185
1.407937
1.627390
1.098426
1.908332
1.566167
1.119743
1.948484
1.460956
1.992622
1.340342
1.401008
1.747835
1.976608
1.554979
1.467250
1.844957
1.463536
1.637165
1.732097
1.975968
1.483146
1.714718
1.744626
1.768291
1.951968
1.076979
1.296711
1.285236
1.458971
1.781208
1.364473
1.386879
1.360257
1.136266
1.019553
1.185244
1.460019
1.532672
1.205042
1.001304
1.605678
1.400935
1.904139
1.034994
1.084942
1.419321
1.116391
1.875444
1.095679
1.267563
1.064889
1.206176
1.554886
1.631787
1.730735
1.785289
1.087956
1.733327
1.944430
1.399141
1.183700
1.704468
1.946447
1.953525
1.583026
1.921433
1.918583
1.409125
1.249198
1.191035
1.833740
1.779176
1.648168
1.008393
1.750496
1.131881
1.644595
1.117991
1.037284
1.645493
1.121073
1.295680
1.643540
1.294547
1.709523
1.219858
1.473073
1.328649
1.838578
1.849732
1.900425
1.612296
1.460670
1.169852
1.096213
1.015196
1.295997
1.661876
1.671609
1.579964
1.615493
1.716791
1.915039
1.500160
1.327434
1.539072
1.126695
1.204480
1.106158
1.214060
1.031372
1.147075
1.968242
1.982817
1.605265
1.461792
1.909350
1.315974
1.160770
1.769192
1.507741
1.098701
1.763823
1.461481
1.714176
1.877615
1.616325
1.115681
1.198876
1.744785
1.046652
1.125289
1.315909
1.736106
1.824365
1.663378
1.185690
1.138792
1.357041
1.393260
1.091173
1.641894
1.766127
1.264672
1.875879
1.881063
1.421235
1.121282
1.993094
1.435360
1.136099
1.231523
1.587948
1.630955
1.619087
1.984295
1.181222
1.354652
1.159267
1.190176
1.173108
1.137332
1.038766
1.664077
1.012939
1.884715
1.270006
1.158666
1.664044
1.741093
1.620678
1.986749
1.762600
1.821667
1.967124
1.707383
1.284607
1.381307
1.311501
1.281765
1.279948
1.121513
1.527430
1.061293
1.274634
1.686217
1.774174
1.420804
1.553628
1.604995
1.097928
1.831078
1.859839
1.622695
1.986268
1.739889
1.344554
1.880981
1.769945
1.124766
1.241029
1.329605
1.376423
1.784097
1.064637
1.738189
1.512913
1.292266
1.442014
1.956601
1.971591
1.542905
1.949430
1.334657
1.488671
1.730008
1.665330
1.776066
1.868013
1.773733
1.016894
1.180512
1.207461
1.658141
1.897188
1.733062
1.934075
1.699907
1.189682
1.486201
1.093276
1.405709
1.655735
1.362114
1.240605
1.930019
1.759961
1.995738
1.147384
1.940049
1.337545
1.705892
1.202955
1.463812
1.776722
1.448519
1.367863
1.312279
1.530871
1.277737
1.987829
1.059163
1.286197
1.953169
1.742740
1.328632
1.980322
1.994733
1.595764
1.189774
1.950175
1.191859
1.983072
1.726464
1.616131
1.451949
1.283635
1.205480
1.844404
1.136409
1.053362
1.077866
1.304665
1.836462
1.318678
1.954332
1.644706
1.894303
1.217702
1.089501
1.841470
1.978946
1.972120
1.089237
1.425514
1.101106
1.727670
1.031764
1.980722
1.043185
1.838585
1.066948
1.049105
1.767526
1.780470
1.047433
1.090008
1.887120
1.034916
1.563506
1.689239
1.009590
1.765679
1.503343
1.858260
1.177018
1.026709
1.119649
1.044966
1.163295
1.282553
1.036528
1.045939
1.714990
1.371615
1.734630
1.414269
1.990508
1.641620
1.619550
1.713587
1.338700
1.750912
1.411561
1.956134
1.757625
1.139369
1.299062
1.740022
1.380525
1.979218
1.066343
1.674957
1.637550
1.733966
1.408705
1.281893
1.776089
1.167453
1.493640
1.373744
1.811421
1.068114
1.230431
1.089239
1.501725
1.297350
1.024545
1.357027
1.293060
1.218934
1.318767
1.081172
1.046236
1.301797
1.640271
1.146919
1.644813
1.532762
1.782747
1.347226
1.713847
1.327320
1.873434
1.244482
1.338953
1.717804
1.029231
1.873974
1.247980
1.768663
1.540097
1.963321
1.052749
1.476423
1.500569
1.038229
1.345396
1.203073
1.772454
1.075947
1.291162
1.090902
1.484890
1.751405
1.236066
1.328109
1.309839
1.462225
1.860860
1.620937
1.809441
1.718327
1.572585
1.168286
1.935784
1.508674
1.290104
1.412856
1.447606
1.216447
1.601532
1.857139
1.544745
1.628096
1.278710
1.943361
1.878286
1.714653
1.734966
1.532670
1.352374
1.337261
1.356849
1.394140
1.115370
1.969186
1.730996
1.597708
1.145337
1.128073
1.222357
1.519451
1.556256
1.254090
1.490263
1.699343
1.595202
1.312987
1.456686
1.856642
1.453919
1.595312
1.920209
1.885765
1.316786
1.342925
1.557792
1.802800
1.948436
1.519628
1.397823
1.545522
1.552764
1.439461
1.955430
1.805974
1.831101
1.600812
1.671525
1.110079
1.417235
1.832904
1.720378
1.056594
1.253986
1.589910
1.790217
1.930390
1.895393
1.513688
1.489655
1.225841
1.356869
1.310342
1.885412
1.694374
1.604702
1.236556
1.353310
1.501219
1.410005
1.765001
1.608138
1.071068
1.794686
1.465454
1.619140
1.537140
1.099833
1.987339
1.813573
1.843715
1.053180
1.480256
1.313909
1.293631
1.318958
1.423994
1.711116
1.256530
1.941226
1.880259
1.898256
1.252149
1.514593
1.798419
1.270518
1.345530
1.639026
1.820377
1.776936
1.744217
1.011991
1.391820
1.286382
1.136914
1.930031
1.658678
1.609599
1.716304
1.870145
1.378305
1.923301
1.146865
1.136802
1.082939
1.887515
1.560955
1.198544
1.878541
1.659771
1.900163
1.218177
1.573126
1.940376
1.395565
1.087052
1.999266
1.253471
1.709747
1.474754
1.383634
1.481867
1.926173
1.230605
1.575916
1.756888
1.700413
1.586448
1.232096
1.271596
1.918862
1.639304
1.012459
1.668471
1.271072
1.925478
1.138038
1.590468
1.708889
1.312284
1.760906
1.843549
1.247309
1.694949
1.723573
1.664296
1.244574
1.005443
1.379774
1.548938
1.780516
1.598765
1.029041
1.118050
1.249582
1.884675
1.605160
1.468910
1.704744
1.861945
1.654961
1.407417
1.978844
1.005047
1.084309
1.137536
1.160916
1.989949
1.757705
1.233351
1.762671
1.236424
1.119907
1.166063
1.564507
1.762615
1.638793
1.496340
1.309348
1.045253
1.517409
1.754437
1.837374
1.385947
1.565052
1.902361
1.530545
1.448914
1.581635
1.065451
1.218520
1.700457
1.523609
1.579276
1.777875
1.704305
1.423064
1.963325
1.194657
1.672077
1.395721
1.048135
1.849248
1.549939
1.445142
1.300259
1.974425
1.554143
1.884684
1.691242
1.721652
1.819940
1.147075
1.191622
1.674262
1.129541
1.111615
1.450427
1.430837
1.465130
1.073165
1.803439
1.779042
1.058062
1.888579
1.727237
1.781572
1.245482
1.622609
1.260626
1.755399
1.727129
1.672802
1.429940
1.534261
1.119697
1.131240
1.911715
1.367267
1.922428
1.408887
1.391293
1.549908
1.124170
1.295459
1.905192
1.329629
1.385278
1.698274
1.684111
1.407466
1.429037
1.597166
1.542288
1.663870
1.853367
1.390650
1.465275
1.874007
1.875728
1.235953
1.161008
1.910842
1.446544
1.798156
1.659615
1.163712
1.605018
1.933855
1.969782
1.043994
1.943663
1.058548
1.090339
1.405845
1.811352
1.962291
1.563326
1.406263
1.155653
1.709804
1.398177
1.668971
1.016348
1.508486
1.134435
1.976296
1.635785
1.380324
1.041589
1.854700
1.571865
1.950714
1.348084
1.247146
1.604396
1.130689
1.742443
1.220984
1.576904
1.947699
1.183906
1.926230
1.471575
1.748721
1.030009
1.639985
1.421925
1.765815
1.475122
1.624071
1.209444
1.764048
1.049864
1.050914
1.419336
1.937420
1.071346
1.022013
1.179154
1.788639
1.650986
1.498168
1.221349
1.272578
1.870313
1.831207
1.614627
1.819039
1.387919
1.339489
1.171974
1.765117
1.301633
1.632376
1.968659
1.456079
1.555249
1.913590
1.370937
1.685348
1.319859
1.588304
1.289758
1.377743
1.512063
1.884301
1.523620
1.244186
1.528457
1.298806
1.391162
1.407937
1.728989
1.081248
1.481354
1.189817
1.152128
1.264783
1.507024
1.899064
1.735033
1.511377
1.019883
1.455033
1.850808
1.554712
1.288692
1.779257
1.826271
1.687984
1.792595
1.827271
1.828731
1.025865
1.224192
1.870602
1.919386
1.220152
1.208345
1.193637
1.695305
1.068956
1.468881
1.096696
1.895002
1.518145
1.306140
1.022169
1.296339
1.067573
1.086386
1.180376
1.826840
1.905631
1.521857
1.331936
1.037798
1.799742
1.067956
1.387145
1.268086
1.769482
1.733787
1.296182
1.825935
1.451475
1.537644
1.909205
1.599257
1.385290
1.395441
1.780800
1.108275
1.007396
1.321018
1.438817
1.754185
1.492793
1.762066
1.369769
1.642944
1.305952
1.363691
1.543086
1.298594
1.239207
1.288279
1.079339
1.035686
1.015609
1.393983
1.772780
1.059320
1.847338
1.442054
1.817026
1.190195
1.608033
1.281872
1.639633
1.321314
1.112044
1.658793
1.877536
1.020242
1.166926
1.295481
1.178008
1.240469
1.097659
1.344311
1.433862
1.355557
1.346797
1.781763
1.868608
1.084594
1.324627
1.459569
1.022020
1.555458
1.722771
1.402728
1.128132
1.208991
1.087724
1.050553
1.103663
1.398194
1.727049
1.635889
1.443886
1.531450
1.492728
1.574435
1.641747
1.941374
1.955859
1.877089
1.627900
1.661010
1.411518
1.367181
1.509582
1.490183
1.344475
1.205584
1.914656
1.958213
1.142927
1.211986
1.936052
1.996888
1.076528
1.053879
1.477558
1.269184
1.298851
1.018324
1.549799
1.485344
1.356900
1.465168
1.575557
1.398208
1.735863
1.638646
1.308158
1.755771
1.512283
1.910390
1.828685
1.132165
1.446844
1.427790
1.080610
1.385208
1.519174
1.997349
1.575505
1.109920
1.504132
1.351714
1.972265
1.507379
1.672426
1.981244
1.680388
1.275724
1.371040
1.045703
1.723493
1.037686
1.427586
1.933280
1.820076
1.107809
1.275344
1.120996
1.741210
1.918453
1.522049
1.165194
1.191239
1.410259
1.846800
1.646765
1.193433
1.375125
1.098604
1.525092
1.191386
1.528939
1.163168
1.320052
1.774553
1.658565
1.318745
1.911339
1.961166
1.747673
1.278105
1.403999
1.426510
1.165093
1.875312
1.985931
1.337869
1.317652
1.396753
1.511974
1.523472
1.635742
1.414525
1.926061
1.714074
1.757193
1.436369
1.207411
1.482097
1.715081
1.463441
1.434860
1.550464
1.156757
1.681546
1.135349
1.638578
1.866809
1.916256
1.667536
1.259763
1.802309
1.772983
1.973846
1.166735
1.808236
1.570271
1.596367
1.528461
1.107979
1.086258
1.535664
1.678133
1.955869
1.963034
1.400732
1.933133
1.229174
1.245530
1.230367
1.689719
1.901450
1.699391
1.798496
1.943505
1.521852
1.367583
1.017646
1.788272
1.363374
1.428753
1.499248
1.891914
1.026744
1.670664
1.798258
1.960294
1.814401
1.581982
1.203500
1.835095
1.493844
1.280725
1.489384
1.456145
1.634661
1.007251
1.599117
1.965142
1.804579
1.448551
1.336755
1.220658
1.304060
1.533300
1.663238
1.600801
1.106825
1.292986
1.749067
1.527152
1.116042
1.577624
1.468635
1.123003
1.448573
1.748144
1.971796
1.152402
1.920593
1.459837
1.839384
1.008836
1.903685
1.346209
1.883292
1.266344
1.777535
1.832044
1.176068
1.713298
1.707926
1.229625
1.135476
1.448380
1.693566
1.459388
1.526838
1.486885
1.759269
1.406004
1.288002
1.362764
1.297404
1.589093
1.142878
1.733378
1.381741
1.960441
1.943246
1.224559
1.656149
1.341897
1.353926
1.384573
1.590962
1.838962
1.231472
1.634421
1.794104
1.499664
1.352171
1.270194
1.876950
1.353360
1.757771
1.479846
1.512363
1.411294
1.493860
1.684815
1.233816
1.201306
1.264260
1.727428
1.307020
1.998158
1.451177
1.951412
1.440619
1.500377
1.488706
1.061146
1.112669
1.431476
1.288882
1.584874
1.816159
1.603876
1.309022
1.287561
1.671303
1.153445
1.426299
1.748825
1.874674
1.181250
1.867874
1.741378
1.629703
1.405867
1.442328
1.720584
1.568195
1.336847
1.759682
1.436183
1.775316
1.934198
1.785144
1.417479
1.038456
1.415171
1.595336
1.707723
1.505882
1.643494
1.620645
1.438761
1.821260
1.400745
1.531365
1.643246
1.578718
1.380857
1.796481
1.267970
1.024368
1.762642
1.649422
1.608418
1.546626
1.846347
1.088888
1.716855
1.308639
1.180222
1.179918
1.909756
1.372523
1.057380
1.418062
1.982589
1.077201
1.225723
1.552033
1.680459
1.497511
1.569309
1.732069
1.400965
1.880214
1.718445
1.995131
1.709980
1.418972
1.733434
1.286143
1.664128
1.669802
1.181423
1.110639
1.463711
1.960605
1.366012
1.338752
1.303946
1.206226
1.792666
1.365731
1.981603
1.240242
1.647706
1.328868
1.541237
1.597201
1.626117
1.198872
1.988572
1.075513
1.704736
1.435970
1.566321
1.446654
1.464804
1.595735
1.297433
1.423262
1.345386
1.027245
1.841313
1.260031
1.163724
1.490154
1.280810
1.357010
1.674806
1.138506
1.402635
1.549893
1.752027
1.746474
1.959355
1.455641
1.448413
1.211550
1.837031
1.809204
1.368649
1.033353
1.178351
1.985149
1.613510
1.989649
1.765735
1.370620
1.326627
1.781085
1.834564
1.426984
1.785998
1.999203
1.167727
1.749744
1.117645
1.216208
1.122592
1.722378
1.572305
1.603072
1.605557
1.780868
1.787009
1.566318
1.663398
1.270191
1.590643
1.744546
1.769383
1.090675
1.512932
1.904683
1.564040
1.735738
1.362069
1.392269
1.460585
1.381543
1.563176
1.031914
1.518103
1.104725
1.923753
1.989066
1.971036
1.522759
1.636280
1.296202
1.881671
1.224560
1.807820
1.103587
1.867319
1.120096
1.750925
1.202101
1.783198
1.060251
1.753753
1.437815
1.405251
1.590904
1.696669
1.268890
1.920589
1.083025
1.748697
1.265447
1.631912
1.492733
1.223942
1.671199
1.702138
1.834854
1.934069
1.536864
1.118224
1.739109
1.665451
1.182910
1.256092
1.694893
1.167903
1.423261
1.803473
1.415057
1.543329
1.540064
1.423339
1.315493
1.308824
1.889650
1.242839
1.108747
1.660708
1.262213
1.955203
1.056754
1.991003
1.208323
1.522939
1.306974
1.480606
1.083263
1.586432
1.084423
1.872802
1.786622
1.178982
1.909223
1.224649
1.994843
1.960213
1.944753
1.388462
1.267143
1.853261
1.091674
1.736899
1.454524
1.863984
1.166254
1.681950
1.883850
1.517298
1.938792
1.640568
1.126259
1.782280
1.845782
1.608928
1.494261
1.323069
1.755672
1.874707
1.925160
1.692362
1.772842
1.276311
1.418235
1.966942
1.089987
1.222820
1.943654
1.133115
1.034829
1.690676
1.051365
1.043391
1.770254
1.784255
1.698117
1.763916
1.695094
1.039824
1.194694
1.689426
1.229792
1.992282
1.516583
1.122461
1.472358
1.543374
1.090167
1.972472
1.912859
1.704379
1.716952
1.610038
1.672641
1.368767
1.305319
1.946729
1.562832
1.642137
1.914164
1.608320
1.032946
1.579329
1.644091
1.829163
1.072654
1.118909
1.264585
1.395627
1.225112
1.108143
1.563570
1.108956
1.332139
1.106626
1.185140
1.342343
1.983221
1.405496
1.481335
1.681363
1.568300
1.241540
1.431721
1.373597
1.028178
1.610600
1.603173
1.799690
1.275184
1.435323
1.340063
1.112065
1.052305
1.851975
1.596300
1.706906
1.699522
1.420278
1.832610
1.604686
1.492269
1.890142
1.247968
1.983457
1.065607
1.834174
1.876810
1.328525
1.652874
1.337268
1.612001
1.403922
1.780557
1.374540
1.274099
1.797011
1.993157
1.626082
1.895956
1.296319
1.382039
1.831530
1.840878
1.822371
1.300306
1.330628
1.475586
1.137452
1.923840
1.918589
1.529841
1.246683
1.839622
1.180075
1.120275
1.073606
1.129471
1.578212
1.906227
1.146100
1.721627
1.074909
1.549524
1.653798
1.002764
1.580497
1.859549
1.124135
1.621004
1.741318
1.675942
1.966250
1.354972
1.190524
1.124845
1.102447
1.619987
1.299331
1.064238
1.783204
1.244508
1.052139
1.331529
1.772071
1.349206
1.718298
1.659646
1.134445
1.210030
1.436480
1.291087
1.636655
1.915236
1.408951
1.727061
1.871581
1.727731
1.751225
1.169183
1.266490
1.878337
1.210339
1.745394
1.911755
1.292871
1.623660
1.826778
1.125725
1.624167
1.566766
1.521705
1.795742
1.834570
1.904371
1.525277
1.490659
1.714504
1.616577
1.561750
1.743712
1.280044
1.672881
1.726321
1.353268
1.627238
1.391787
1.133292
1.276616
1.922416
1.020016
1.293003
1.111079
1.565790
1.645190
1.204007
1.912972
1.484950
1.986711
1.321705
1.952697
1.745978
1.723039
1.145925
1.936564
1.954750
1.685378
1.177427
1.040342
1.781666
1.084086
1.974486
1.277256
1.967204
1.270972
1.493674
1.126013
1.987245
1.334619
1.253684
1.142137
1.749460
1.342840
1.364724
1.880370
1.592944
1.431279
1.421943
1.266964
1.144993
1.318164
1.818333
1.361742
1.086415
1.052914
1.958361
1.220841
1.917605
1.899695
1.901311
1.216581
1.919318
1.310541
1.097789
1.812362
1.375327
1.841874
1.421694
1.993344
1.260399
1.078070
1.906205
1.585744
1.237741
1.865243
1.405461
1.558907
1.372374
1.332441
1.748924
1.786580
1.314482
1.164629
1.700801
1.988514
1.266114
1.005991
1.182424
1.526401
1.044299
1.114843
1.200529
1.484350
1.562618
1.906244
1.583886
1.711330
1.314129
1.446793
1.332146
1.929021
1.500252
1.535077
1.861206
1.915034
1.003572
1.215652
1.120258
1.808603
1.813614
1.331214
1.617370
1.905486
1.842228
1.766646
1.172057
1.455296
1.837830
1.624826
1.791320
1.447921
1.871987
1.421689
1.069171
1.183135
1.981783
1.608399
1.871835
1.610692
1.770460
1.921125
1.554994
1.610434
1.748672
1.686133
1.837972
1.997937
1.892307
1.599184
1.634808
1.859485
1.434688
1.601205
1.717866
1.598769
1.005673
1.974415
1.586342
1.876822
1.283329
1.657536
1.538748
1.514483
1.202333
1.377407
1.384473
1.904168
1.588038
1.620583
1.202601
1.941076
1.067044
1.836776
1.887210
1.952846
1.023338
1.568890
1.673464
1.990922
1.455343
1.314356
1.810489
1.659377
1.110604
1.272015
1.062636
1.961849
1.772357
1.396004
1.323551
1.689193
1.899170
1.649494
1.609257
1.375728
1.148245
1.052420
1.683193
1.128752
1.224806
1.672208
1.221338
1.509755
1.014994
1.658193
1.509700
1.602607
1.443655
1.466975
1.961016
1.419524
1.567429
1.875851
1.975705
1.413234
1.210453
1.943786
1.435449
1.289083
1.396229
1.925603
1.285914
1.395114
1.898951
1.717030
1.170583
1.889949
1.220545
1.792459
1.221347
1.568032
1.874591
1.608499
1.991620
1.427228
1.905433
1.991614
1.179891
1.011612
1.736464
1.533583
1.563562
1.602281
1.979184
1.645563
1.103782
1.542031
1.232564
1.424743
1.453843
1.014086
1.143839
1.104996
1.212808
1.230241
1.616124
1.160634
1.713319
1.113482
1.252742
1.720070
1.819910
1.084356
1.734893
1.336267
1.644345
1.496694
1.136181
1.427027
1.348083
1.272073
1.544937
1.207973
1.617523
1.071285
1.367460
1.353082
1.063752
1.349244
1.423533
1.307983
1.941180
1.137902
1.937477
1.713928
1.301584
1.134158
1.345657
1.061813
1.374890
1.154876
1.522521
1.735099
1.562951
1.337100
1.697219
1.214280
1.775322
1.995937
1.073076
1.712084
1.733786
1.703877
1.634252
1.399269
1.195925
1.545842
1.422380
1.393697
1.627977
1.650349
1.339984
1.906013
1.522963
1.922785
1.375866
1.082663
1.216655
1.531263
1.166611
1.099227
1.528615
1.048179
1.144044
1.035519
1.942434
1.422517
1.811560
1.671232
1.752717
1.818335
1.540095
1.885297
1.047936
1.102690
1.878613
1.264384
1.139376
1.410365
1.750981
1.277452
1.708437
1.458122
1.314887
1.270040
1.258563
1.017613
1.166411
1.829189
1.000727
1.240023
1.100042
1.008013
1.237460
1.819419
1.124480
1.779001
1.860234
1.605313
1.570243
1.598417
1.610736
1.565174
1.704614
1.502639
1.515924
1.531555
1.136116
1.086072
1.719922
1.903237
1.983434
1.762122
1.036972
1.963384
1.864391
1.399216
1.285540
1.117823
1.294243
1.495104
1.697385
1.386682
1.562957
1.310713
1.918420
1.206240
1.978635
1.290779
1.306589
1.222087
1.809524
1.877007
1.115803
1.740768
1.944721
1.888283
1.478790
1.056309
1.158030
1.025856
1.773070
1.536446
1.010343
1.994348
1.057585
1.434212
1.584434
1.716720
1.837049
1.607792
1.931391
1.297656
1.372408
1.460347
1.566382
1.864652
1.615592
1.541679
1.456893
1.974860
1.307516
1.795644
1.576464
1.241288
1.511904
1.015215
1.254316
1.729348
1.461179
1.359859
1.851228
1.581943
1.691317
1.718859
1.555192
1.830370
1.947602
1.726299
1.360197
1.704314
1.338743
1.962774
1.398106
1.256157
1.935738
1.137358
1.598898
1.768825
1.214093
1.558924
1.496541
1.630039
1.159026
1.070871
1.170787
1.730854
1.263440
1.612948
1.174616
1.320231
1.789140
1.082576
1.805232
1.162777
1.781233
1.099149
1.130878
1.381605
1.590159
1.250641
1.889186
1.140548
1.884400
1.788866
1.630658
1.456621
1.642409
1.052038
1.734998
1.536720
1.612375
1.293597
1.906401
1.472949
1.472342
1.193107
1.577797
1.364145
1.352363
1.544966
1.657500
1.384515
1.236864
1.125383
1.713962
1.713654
1.977873
1.639544
1.907749
1.537913
1.774515
1.671037
1.405091
1.444176
1.051917
1.815423
1.143273
1.672316
1.989664
1.156365
1.650699
1.957784
1.485195
1.238206
1.926308
1.522811
1.146980
1.728971
1.991866
1.569221
1.905308
1.187244
1.481404
1.084405
1.863769
1.866215
1.013731
1.036070
1.293259
1.514818
1.750041
1.054635
1.449384
1.997523
1.408723
1.078984
1.533076
1.026990
1.906871
1.172058
1.115061
1.812489
1.374981
1.859056
1.821950
1.013935
1.636084
1.631231
1.292409
1.633759
1.884210
1.644890
1.176513
1.922846
1.185446
1.052742
1.362448
1.449535
1.491003
1.139857
1.990674
1.252407
1.080025
1.140738
1.010334
1.607194
