7.189891
6.781235
7.963453
8.524342
8.835720
10.489971
10.080771
11.119820
10.983133
12.595439
12.726932
11.834594
13.507112
13.651720
14.682182
10.749523
8.888887
10.089928
9.883374
10.681780
10.805935
12.460419
13.358689
11.935844
13.845379
14.584586
15.238972
16.018615
16.520606
17.403186
12.244511
12.877450
12.823670
13.810301
13.313615
15.541682
15.422810
15.711197
16.666980
15.378036
17.264362
17.850134
18.049315
19.800808
19.733858
13.485677
15.155100
14.128820
16.211715
16.768155
16.706334
18.209584
19.427429
18.430589
18.948084
20.557580
20.430814
21.431710
22.745674
22.676079
16.624014
17.325043
17.782802
18.342998
18.903106
20.350731
20.099402
19.363886
22.796195
23.366096
22.213889
23.144944
23.986317
25.521548
24.760066
21.258642
20.440560
22.283209
22.462082
23.033230
23.098630
24.312298
24.439657
25.000215
26.219530
26.545022
26.666498
26.967544
27.269803
28.376329
23.206858
24.624536
24.805293
25.704895
25.333329
26.567446
26.310038
28.180414
29.309412
28.695672
28.648523
29.778995
29.780722
32.284528
30.927526
26.960373
27.255978
28.359324
29.417216
28.410335
31.036533
30.521462
31.248116
33.329214
32.667861
32.947971
33.660762
32.608340
35.039526
34.448659
31.995128
31.615392
33.256678
32.302289
33.714082
34.503976
34.217470
35.581818
35.847758
36.006394
38.673561
37.804708
39.071736
38.444232
38.406773
34.627264
35.838449
36.217200
36.983925
38.038477
37.638612
38.549392
40.175704
40.566319
40.338735
41.311474
42.152659
42.906828
42.694015
45.180036
