0.590273
0.446150
0.592968
0.556060
0.580701
0.546700
0.599347
0.548715
0.444513
0.461799
0.452767
0.471644
0.491124
0.499579
0.487777
0.467916
0.537995
0.507301
0.569630
0.453159
0.471159
0.427423
0.487476
0.588030
0.509060
0.485513
0.526463
0.444420
0.433502
0.540927
0.505082
0.558021
0.528462
0.524839
0.543390
0.588942
0.572895
0.538572
0.475134
0.482982
0.551140
0.441428
0.572976
0.572419
0.576974
0.505786
0.494733
0.445674
0.571492
0.484470
0.430836
0.587542
0.570880
0.506401
0.572921
0.405413
0.410193
0.432202
0.592979
0.531209
0.515652
0.439273
0.410920
0.496616
0.404603
0.463424
0.555030
0.536507
0.519033
0.511772
0.552752
0.526734
0.432973
0.513537
0.565869
0.559407
0.505493
