2.840157
3.659371
2.276979
1.821028
1.612725
1.967086
1.879824
1.826703
1.686633
2.335977
2.470828
1.149550
4.681508
6.265789
6.081180
4.337437
4.831246
3.757705
4.103869
4.259434
3.200172
3.729687
4.168079
3.862896
1.774762
2.109811
2.185976
2.538326
1.507583
2.622966
3.434864
1.677113
2.418755
2.157334
1.521162
0.659279
2.584866
5.521435
4.529461
4.158022
4.742912
3.900678
5.849465
2.511299
1.579897
2.275385
3.435502
4.224309
4.108504
5.279799
3.947429
3.806501
3.108060
2.607814
1.033741
1.429990
2.488836
2.772124
4.106119
5.333974
4.030457
4.312803
3.540187
1.733004
0.946416
0.511447
3.872446
3.822976
4.853666
5.091397
4.426556
1.668196
4.183363
1.462742
0.808078
0.659087
0.584589
1.072724
2.106240
3.018847
1.419233
0.558845
0.600892
0.675232
0.885126
0.873901
1.046136
1.344111
1.408546
2.104614
2.701374
2.245593
1.724246
1.630199
2.104301
2.406151
2.348043
2.533193
2.511454
2.066124
1.194792
2.884472
2.605646
1.985905
2.687772
3.856868
2.809193
3.140011
2.184795
2.215655
3.171606
2.810958
2.934877
3.402234
2.679398
3.990294
4.537022
2.200916
2.774910
1.634561
2.788487
3.357722
2.796834
3.905687
3.255709
4.526480
2.072965
2.296941
2.784508
2.860346
3.909766
5.647593
5.580100
4.612416
4.606940
4.517524
4.939298
4.742455
4.022533
3.783900
5.459080
4.141721
3.480737
3.603310
4.082546
1.945060
3.492488
3.002086
3.862822
3.450185
