0.183332
0.053782
0.050843
0.134215
1.010386
0.969362
1.113579
0.194176
0.278864
0.211862
0.085238
0.068543
0.152490
1.467915
3.981072
1.721733
0.065820
0.041529
0.019557
0.024264
0.038456
0.038591
0.095843
0.153633
0.759243
3.501836
3.981072
1.770292
0.415293
0.555004
0.077857
0.138333
1.230557
0.366016
1.039770
0.183871
0.056370
0.025937
0.016533
0.019557
0.368723
0.120784
0.382559
0.337132
0.672383
3.501836
0.549859
0.634111
0.129558
0.135094
0.138872
0.316700
0.366016
0.729859
0.843438
0.241285
0.029006
1.601355
0.077857
0.100000
0.100000
0.099660
0.232649
0.291416
2.434926
1.955690
0.537817
1.086340
2.141089
0.895553
0.508434
1.000000
0.415293
0.470562
0.214109
0.262032
0.085238
0.111018
0.123396
0.194176
0.089341
0.085024