0.262609
0.399200
0.240751
0.254745
0.355261
0.169336
0.094967
0.089859
0.069453
0.133632
0.151264
0.243866
0.238233
0.616817
2.294631
3.007522
1.730140
1.664025
1.531103
1.667604
1.206524
1.347657
0.955044
0.738251
2.370131
0.812278
0.330008
0.446139
0.466803
0.731723
3.051366
1.439763
2.565393
1.427173
0.131136
0.558270
0.482835
3.072491
3.736610
6.364696
5.174227
1.099312
2.103564
0.978546
1.800080
1.008156
0.476688
0.248783
3.279963
3.683412
3.145969
1.405437
0.942962
0.745007
1.118735
1.072629
0.994874
0.610312
0.163738
0.309440
1.639349
8.592103
6.637793
0.922942
0.318279
0.680585
3.008354
0.424921
0.394702
0.185357
0.375680
3.730439
6.769017
0.439691
1.344880
0.758437
0.559255
0.274200
0.370968
0.152091
0.282065
2.215762
27.679993
0.262609
0.399200
0.240751
0.254745
0.355261
0.169336
0.094967
0.089859
0.069453
0.133632
0.151264
0.243866
0.238233
0.616817
2.294631
3.007522
1.730140
1.664025
1.531103
1.667604
1.206524
1.347657
0.955044
0.738251
2.370131
0.812278
0.330008
0.446139
0.466803
0.731723
3.051366
1.439763
2.565393
1.427173
0.131136
0.558270
0.482835
3.072491
3.736610
6.364696
5.174227
1.099312
2.103564
0.978546
1.800080
1.008156
0.476688
0.248783
3.279963
3.683412
3.145969
1.405437
0.942962
0.745007
1.118735
1.072629
0.994874
0.610312
0.163738
0.309440
1.639349
8.592103
6.637793
0.922942
0.318279
0.680585
3.008354
0.424921
0.394702
0.185357
0.375680
3.730439
6.769017
0.439691
1.344880
0.758437
0.559255
0.274200
0.370968
0.152091
0.282065
2.215762
27.679993
0.669560
0.494476
0.908017
0.360222
0.115234
0.068331
0.172650
0.413248
0.721995
0.267536
0.088138
0.138401
0.091078
0.109477
0.261311
0.087622
0.076948
0.110917
0.264582
0.253498
0.383004
0.190879
0.324271
0.378918
0.355969
