0.257188
0.233664
0.36449
0.311211
0.450178
0.252826
0.184644
0.222807
0.603386
0.478201
0.023784
-0.139214
0.192365
-0.031128
1.01662
2.32814
3.06013
2.03237
1.15395
1.37772
0.778609
0.475159
0.425022
1.00885
1.36791
0.800613
0.354466
0.343908
1.16677
1.62958
1.79133
3.02792
3.22171
1.96234
0.10382
0.219765
0.818996
2.14679
3.65635
4.7912
3.67581
2.23067
1.51873
0.83457
0.832186
0.827873
1.14469
1.41066
1.96012
2.13647
2.06304
1.3121
0.906453
0.738926
-0.0136861
0.227092
1.80669
3.04438
2.38381
0.41541
0.327795
3.82068
8.40142
5.56001
1.89586
1.42333
2.65957
0.27803
-0.48139
0.679804
1.75766
1.91447
2.7418
7.50565
8.08007
1.39927
-0.332605
1.35048
1.16267
-0.593371
1.66049
11.8168
16.0014
0.257188
0.233664
0.36449
0.311211
0.450178
0.252826
0.184644
0.222807
0.603386
0.478201
0.023784
-0.139214
0.192365
-0.031128
1.01662
2.32814
3.06013
2.03237
1.15395
1.37772
0.778609
0.475159
0.425022
1.00885
1.36791
0.800613
0.354466
0.343908
1.16677
1.62958
1.79133
3.02792
3.22171
1.96234
0.10382
0.219765
0.818996
2.14679
3.65635
4.7912
3.67581
2.23067
1.51873
0.83457
0.832186
0.827873
1.14469
1.41066
1.96012
2.13647
2.06304
1.3121
0.906453
0.738926
-0.0136861
0.227092
1.80669
3.04438
2.38381
0.41541
0.327795
3.82068
8.40142
5.56001
1.89586
1.42333
2.65957
0.27803
-0.48139
0.679804
1.75766
1.91447
2.7418
7.50565
8.08007
1.39927
-0.332605
1.35048
1.16267
-0.593371
1.66049
11.8168
16.0014
10.8683
2.74294
-0.345295
-0.442658
-0.451356
-0.147505
0.861787
-0.332421
2.38746
12.8679
15.3765
7.10848
0.113517
1.08729
0.392703
0.291318
-0.139413
-0.365143
1.45096
1.18924
-0.465451
-0.49483
1.47033
0.976719
0.334137
