5.717812
6.675318
5.819740
10.501844
6.965755
9.337100
6.759904
3.741251
2.418880
4.974487
4.297606
3.425991
4.954551
5.814352
7.576147
7.239139
6.892588
4.854006
4.448877
4.679075
3.883881
4.553717
4.471928
5.895271
7.638590
6.954682
6.660735
6.429425
4.882976
4.663666
3.415290
1.980902
2.825241
2.682390
1.820035
1.957012
2.935090
6.410582
4.863761
4.531166
6.369934
6.780565
7.454002
5.999964
7.226583
3.746797
2.863970
2.519711
2.885589
4.978404
5.389220
3.358925
3.230758
2.416099
0.936207
1.053968
5.734569
5.384471
5.816822
4.426200
8.106474
5.239688
7.386382
7.033713
3.289809
2.495507
3.798814
3.683974
6.606850
4.129078
6.620601
4.935234
4.974022
3.225257
5.424574
5.955295
4.520313
4.752821
6.873492
7.231472
7.129560
5.962017
5.653825
7.416312
3.225420
3.985822
1.359855
3.285310
8.762961
9.901160
7.510878
8.855445
9.221721
5.524737
6.819446
2.945692
1.631942
4.117596
6.379539
4.000038
5.357960
6.406187
8.137731
4.209441
3.270482
3.425088
5.313656
7.496498
12.382784
6.698008
6.052972
5.121832
6.392258
15.506139
6.584823
4.599164
5.381529
4.313770
3.452094
4.771280
6.457526
5.350965
6.389106
8.275804
9.587912
7.306162
8.814526
5.175586
4.766775
7.065134
3.897425
4.393989
4.306146
4.170660
5.332722
5.697017
4.972334
4.740890
3.610711
3.247071
2.002939
3.894049
3.431198
5.560505
5.316216
5.614523
4.856752
3.756946
4.327079
3.676400
