6.101772
5.894644
7.147744
8.649234
9.367084
8.665424
6.520904
3.739052
2.170629
4.927989
4.593680
4.126586
5.552172
6.876832
7.304465
6.856291
5.990673
5.222937
4.745190
4.046137
3.966815
4.777320
4.985331
5.232959
5.585429
5.795319
5.566782
4.819783
3.954325
4.114684
3.916185
3.321520
3.395242
3.825516
4.386054
4.916656
5.303766
5.461019
5.309790
4.759742
5.705730
5.905243
6.030868
5.537937
4.480797
3.271612
2.439149
2.387587
3.155299
4.173659
4.868780
3.793306
2.299887
1.817086
2.589591
4.118113
5.599276
6.365512
6.324953
6.401325
6.689665
6.483560
6.360344
5.402353
3.819054
2.416029
2.063955
3.167593
5.134766
5.845345
6.865180
6.791547
4.696881
3.051546
2.761179
3.665029
5.034305
6.070514
6.403812
6.591343
6.235266
6.171299
5.645915
4.676630
3.769162
3.565295
4.490742
6.403001
8.239221
7.664060
8.007625
8.968126
7.748629
6.003457
4.694411
4.217052
4.526993
5.266183
5.889196
5.789516
5.392210
5.632998
5.075685
4.721023
5.007540
5.936119
7.194570
8.282209
8.634432
7.747292
6.876170
7.211198
7.776305
7.723861
6.995356
5.993467
5.254113
5.118516
5.405262
5.082357
4.730723
5.090342
5.273491
5.903220
6.822433
7.490178
7.377944
6.365950
5.139441
5.584979
4.317959
3.479193
4.686988
6.142204
6.947545
6.877563
6.148667
5.189138
4.409132
3.970688
2.129108
2.873798
4.218692
5.095940
5.218265
4.799103
4.272735
4.014428
4.060567
3.828793
